-1 54
-1 26
38 -1
50 -1
9 -1
12 -1
20 -1
22 -1
43 -1
46 46
13 13
39 -1
1 -1
18 -1
19 -1
32 -1
58 -1
14 -1
-1 53
-1 44
-1 20
5 5
33 33
-1 59
-1 27
-1 8
-1 48
-1 46
-1 27
-1 7
0 0
15 -1
9 -1
-1 50
-1 33
-1 27
-1 5
47 -1
-1 53
-1 44
-1 25
-1 10
16 -1
17 -1
-1 55
-1 46
-1 9
5 -1
25 -1
42 -1
24 -1
27 27
38 38
-1 54
-1 36
-1 26
-1 3
19 -1
50 50
-1 33
-1 23
-1 4
10 -1
-1 55
-1 28
-1 3
39 -1
45 45
-1 50
-1 18
-1 11
46 -1
-1 49
-1 35
-1 19
-1 1
-1 52
-1 36
-1 22
-1 1
-1 27
-1 60
56 -1
-1 25
-1 8
-1 53
33 -1
-1 18
-1 6
-1 60
-1 30
-1 11
-1 61
-1 45
20 20
-1 54
-1 32
-1 19
-1 15
3 -1
14 -1
37 37
24 24
28 28
16 16
-1 49
-1 36
-1 17
41 41
42 42
-1 54
-1 39
-1 12
34 -1
-1 62
-1 42
-1 31
-1 8
-1 56
-1 36
-1 21
-1 2
-1 56
-1 39
-1 4
1 -1
2 2
38 38
25 -1
36 36
-1 58
-1 28
-1 9
17 -1
-1 50
-1 33
-1 12
5 -1
-1 63
-1 15
-1 60
-1 43
-1 28
-1 7
37 -1
50 50
-1 33
-1 4
27 -1
-1 50
-1 43
-1 29
21 21
-1 53
-1 40
-1 26
-1 10
-1 57
-1 46
-1 29
5 -1
40 -1
-1 57
-1 47
11 -1
15 15
22 22
33 33
1 -1
10 -1
-1 21
-1 8
-1 59
-1 25
-1 9
-1 48
-1 25
-1 14
-1 49
-1 42
-1 51
-1 35
-1 24
-1 5
27 -1
-1 62
-1 16
4 4
-1 57
-1 30
-1 11
13 13
17 -1
37 37
56 -1
29 -1
43 43
-1 59
-1 45
-1 11
12 -1
-1 57
-1 33
-1 18
-1 10
5 -1
-1 63
-1 33
-1 30
-1 50
-1 45
-1 18
-1 14
-1 49
-1 26
-1 6
-1 62
-1 10
11 -1
1 1
20 20
27 -1
47 47
-1 30
-1 9
-1 62
-1 35
25 -1
34 34
17 -1
28 28
-1 30
-1 9
-1 59
-1 43
16 -1
-1 60
-1 37
-1 19
-1 15
-1 51
-1 34
-1 20
-1 2
38 38
-1 61
-1 39
-1 24
-1 8
-1 50
-1 47
-1 28
-1 1
6 -1
22 -1
33 33
36 36
46 -1
48 -1
-1 53
-1 35
-1 31
-1 12
-1 50
-1 29
-1 63
-1 44
-1 26
28 -1
-1 48
-1 26
3 3
4 4
10 -1
15 15
-1 56
-1 41
-1 17
-1 25
-1 12
-1 57
-1 46
-1 25
-1 0
-1 58
-1 36
-1 18
-1 1
-1 52
-1 37
-1 52
-1 33
-1 20
-1 15
9 9
17 -1
39 -1
47 -1
58 -1
-1 51
-1 38
7 -1
29 29
62 -1
-1 60
-1 37
-1 26
-1 15
20 20
-1 48
-1 38
-1 16
-1 5
-1 48
-1 36
-1 17
-1 7
-1 55
-1 43
-1 24
-1 5
54 -1
-1 50
-1 44
-1 25
-1 9
-1 48
-1 33
-1 5
-1 60
-1 43
-1 19
-1 12
-1 49
-1 44
-1 28
-1 12
-1 53
-1 37
-1 20
-1 2
-1 38
-1 17
-1 13
1 -1
5 5
56 56
34 -1
28 28
27 -1
-1 57
-1 9
46 -1
-1 18
-1 14
-1 60
-1 38
-1 55
-1 36
-1 31
-1 7
35 35
-1 56
-1 24
-1 13
8 8
-1 55
-1 41
-1 63
-1 16
44 44
-1 56
-1 35
-1 31
-1 4
-1 58
-1 42
-1 16
25 25
-1 60
-1 35
-1 19
-1 15
-1 49
-1 34
-1 29
-1 10
-1 57
-1 35
-1 28
-1 3
6 6
32 -1
-1 56
-1 39
-1 23
-1 5
-1 52
-1 46
-1 31
-1 13
37 -1
-1 24
-1 57
-1 41
4 -1
12 -1
22 -1
-1 30
-1 5
-1 63
-1 4
-1 49
-1 39
-1 60
-1 30
-1 1
17 17
28 -1
-1 52
-1 44
-1 17
-1 12
34 34
-1 63
-1 42
-1 17
-1 4
20 -1
21 -1
35 35
-1 51
-1 40
-1 31
-1 6
7 7
15 -1
45 45
1 1
46 -1
-1 49
-1 24
-1 59
-1 31
2 2
14 -1
26 -1
32 -1
33 -1
37 -1
38 38
41 41
-1 61
-1 19
-1 4
-1 63
-1 42
-1 30
-1 9
-1 62
-1 33
-1 21
-1 0
50 -1
-1 56
44 -1
-1 48
-1 47
-1 21
8 8
24 -1
29 29
40 40
54 -1
1 -1
3 3
11 11
16 -1
22 -1
39 -1
42 -1
0 0
2 -1
7 -1
27 -1
43 43
12 -1
34 -1
42 -1
47 47
51 -1
-1 52
-1 13
32 -1
33 -1
35 -1
56 -1
45 -1
46 -1
37 -1
58 -1
16 16
26 -1
39 39
55 55
9 -1
-1 59
-1 21
30 -1
48 -1
-1 63
-1 33
8 8
22 -1
54 -1
19 -1
1 1
10 -1
58 -1
62 -1
9 -1
16 -1
27 -1
49 -1
61 61
23 -1
24 -1
34 -1
35 -1
46 -1
47 -1
48 -1
55 -1
51 -1
-1 47
-1 19
0 0
20 -1
28 -1
52 -1
53 -1
22 -1
32 32
41 -1
42 -1
11 -1
25 25
37 -1
44 -1
4 -1
5 -1
38 -1
10 -1
21 21
6 -1
33 -1
50 -1
54 -1
27 -1
40 -1
60 -1
-1 61
42 -1
58 -1
24 -1
13 -1
30 -1
62 -1
29 -1
57 -1
2 -1
25 -1
46 -1
50 -1
4 -1
10 -1
11 -1
26 -1
47 47
0 -1
1 1
32 -1
40 -1
5 -1
16 -1
17 -1
34 -1
35 -1
55 -1
20 -1
21 -1
28 28
30 -1
63 63
51 -1
3 -1
41 -1
54 -1
7 7
37 -1
12 -1
23 23
38 -1
49 -1
-1 47
14 -1
4 -1
6 6
24 -1
28 -1
32 -1
33 -1
46 -1
62 -1
0 -1
50 50
5 -1
8 -1
13 -1
21 -1
22 -1
25 -1
26 -1
48 -1
9 -1
10 -1
17 -1
40 -1
2 -1
27 -1
44 -1
37 -1
54 -1
55 -1
4 -1
41 -1
42 -1
13 -1
39 -1
5 -1
11 -1
21 -1
36 -1
63 -1
12 -1
30 -1
55 -1
-1 53
10 -1
28 -1
34 -1
42 -1
46 -1
16 -1
24 -1
29 29
41 -1
50 -1
61 -1
1 -1
7 -1
51 -1
8 -1
11 -1
20 -1
22 -1
54 -1
6 -1
32 32
33 -1
44 -1
55 -1
4 -1
37 -1
62 -1
0 -1
25 -1
52 -1
17 -1
26 -1
35 -1
46 -1
13 13
14 -1
34 -1
56 -1
9 -1
24 -1
38 -1
8 -1
39 -1
5 -1
18 -1
48 -1
50 -1
25 -1
40 -1
41 -1
54 -1
17 -1
37 -1
58 -1
-1 12
14 -1
28 -1
29 29
4 -1
33 33
36 -1
42 -1
44 -1
10 -1
20 -1
32 -1
5 -1
30 -1
43 -1
19 -1
35 -1
2 -1
15 -1
50 -1
51 -1
38 -1
58 58
16 -1
39 39
42 -1
8 -1
43 -1
11 -1
-1 24
-1 5
9 -1
25 -1
31 -1
36 -1
40 -1
52 -1
53 53
13 -1
30 -1
-1 27
0 -1
20 -1
33 -1
37 -1
47 -1
58 -1
8 -1
16 -1
17 -1
28 -1
39 -1
10 -1
32 -1
55 -1
43 43
2 -1
12 -1
38 -1
24 -1
26 -1
61 -1
16 -1
34 -1
36 -1
40 -1
46 -1
39 -1
5 -1
20 -1
1 1
28 -1
37 -1
43 -1
54 -1
13 -1
26 -1
0 -1
31 -1
41 -1
42 -1
6 -1
7 7
30 -1
50 50
35 -1
36 -1
13 -1
34 -1
54 -1
10 -1
40 -1
-1 53
-1 22
-1 2
-1 60
-1 34
-1 16
-1 8
24 -1
-1 49
-1 32
-1 18
-1 54
-1 33
-1 23
-1 14
-1 19
-1 7
-1 59
-1 39
-1 41
-1 29
-1 4
31 -1
-1 56
-1 44
-1 30
-1 4
35 -1
-1 60
-1 32
-1 26
-1 7
-1 21
-1 6
-1 50
-1 32
-1 19
-1 53
-1 41
1 -1
-1 61
-1 35
-1 16
-1 6
-1 56
-1 29
-1 2
-1 63
-1 32
-1 19
-1 5
-1 50
-1 45
-1 20
-1 8
-1 17
-1 54
-1 47
-1 57
-1 42
-1 26
-1 4
9 9
11 11
12 12
-1 52
-1 43
-1 20
-1 26
-1 13
-1 54
-1 37
-1 17
-1 53
-1 42
-1 59
-1 23
-1 14
42 42
-1 48
-1 45
-1 18
-1 12
-1 24
-1 2
-1 53
-1 32
-1 16
-1 9
-1 50
-1 40
-1 51
-1 42
-1 27
-1 5
-1 50
-1 35
-1 24
-1 13
-1 50
-1 47
-1 18
-1 8
-1 49
-1 37
-1 25
-1 5
33 33
-1 54
-1 45
-1 30
-1 9
-1 62
-1 42
-1 17
-1 8
-1 25
-1 7
-1 60
-1 35
-1 56
-1 35
-1 18
-1 3
32 32
-1 56
-1 39
-1 19
-1 6
-1 52
-1 34
-1 27
-1 6
-1 52
-1 18
-1 5
-1 55
-1 34
-1 23
-1 15
46 46
-1 62
-1 47
-1 31
-1 13
-1 58
-1 35
-1 18
-1 5
-1 30
-1 14
-1 54
-1 35
-1 61
-1 34
-1 16
-1 12
13 -1
-1 50
-1 38
-1 30
-1 6
8 8
-1 57
-1 44
-1 53
-1 45
-1 25
-1 3
-1 18
-1 0
-1 60
-1 33
-1 56
-1 36
-1 31
-1 15
-1 57
-1 46
-1 21
-1 1
16 -1
28 28
-1 23
-1 0
-1 49
-1 36
20 -1
-1 49
-1 34
-1 30
-1 5
-1 52
-1 40
-1 16
-1 8
-1 51
-1 45
-1 27
-1 11
-1 54
-1 39
-1 31
-1 14
-1 55
-1 33
-1 29
-1 14
-1 49
-1 34
-1 24
-1 63
-1 46
-1 27
-1 3
-1 59
-1 46
-1 5
19 19
-1 51
-1 39
-1 13
-1 58
-1 33
-1 29
-1 0
-1 35
-1 28
-1 3
-1 22
-1 6
-1 56
-1 36
-1 57
-1 42
-1 16
-1 1
-1 59
-1 33
-1 23
-1 4
-1 51
-1 36
-1 16
-1 2
-1 52
-1 40
-1 22
-1 11
-1 62
-1 37
-1 26
-1 3
-1 57
-1 46
-1 26
-1 2
-1 58
-1 45
-1 22
-1 0
-1 62
-1 46
-1 19
-1 0
-1 63
-1 35
-1 31
-1 2
-1 53
-1 41
-1 22
-1 7
4 4
17 17
-1 49
-1 33
-1 29
-1 15
-1 57
-1 44
-1 19
-1 2
-1 62
-1 41
-1 29
-1 15
-1 55
-1 43
-1 25
-1 7
-1 54
-1 33
-1 26
-1 52
-1 45
-1 25
-1 4
24 -1
-1 62
-1 27
-1 15
-1 61
-1 40
-1 19
-1 9
-1 63
-1 42
-1 16
-1 5
54 54
-1 52
-1 41
-1 26
-1 4
-1 18
-1 5
-1 59
-1 41
-1 48
-1 45
-1 17
-1 15
-1 54
-1 46
-1 27
-1 8
-1 54
-1 34
-1 18
-1 12
-1 62
-1 46
-1 20
-1 0
-1 51
-1 45
-1 22
-1 4
-1 53
-1 32
-1 18
-1 4
-1 54
-1 42
-1 26
-1 6
5 5
-1 57
-1 40
-1 23
-1 6
-1 56
-1 34
-1 28
-1 62
-1 42
-1 18
-1 23
-1 54
-1 46
-1 54
-1 34
-1 18
-1 3
-1 52
-1 41
-1 24
-1 2
36 36
-1 50
-1 35
-1 30
-1 4
-1 54
-1 23
-1 10
34 34
13 13
-1 16
-1 15
-1 61
-1 39
7 7
8 -1
9 -1
11 11
-1 60
-1 37
-1 30
-1 59
-1 34
-1 29
-1 3
-1 53
-1 25
-1 2
-1 57
-1 33
-1 21
-1 2
-1 57
-1 40
-1 19
-1 11
-1 37
-1 31
-1 2
56 56
-1 54
-1 44
-1 24
-1 58
-1 41
-1 31
-1 12
-1 48
-1 39
-1 29
-1 3
-1 23
-1 13
-1 58
-1 41
-1 48
-1 45
-1 20
-1 11
-1 56
-1 44
-1 23
-1 2
-1 58
-1 45
-1 18
-1 0
-1 59
-1 36
-1 17
-1 5
-1 55
-1 39
-1 16
-1 5
12 12
-1 62
-1 37
-1 25
-1 7
-1 60
-1 47
-1 23
-1 1
-1 62
-1 37
-1 21
-1 2
-1 59
-1 38
-1 27
-1 9
-1 48
-1 37
-1 19
-1 2
-1 54
-1 38
-1 10
-1 49
-1 41
-1 29
-1 1
20 20
-1 60
-1 38
-1 27
-1 1
-1 17
-1 6
-1 51
-1 41
-1 62
-1 40
-1 26
-1 13
-1 50
-1 41
-1 25
-1 15
-1 23
-1 9
-1 57
-1 35
-1 53
-1 38
-1 31
-1 15
1 1
-1 58
-1 25
-1 2
-1 19
-1 3
-1 50
-1 44
17 -1
-1 27
-1 14
-1 60
-1 33
-1 58
-1 32
-1 27
-1 14
-1 54
-1 47
-1 30
-1 2
-1 23
-1 3
-1 48
-1 34
37 37
-1 52
-1 38
-1 18
-1 2
-1 52
-1 25
-1 8
-1 55
-1 45
-1 21
-1 12
33 33
-1 27
-1 14
-1 60
-1 39
32 32
-1 48
-1 37
-1 23
-1 14
-1 56
-1 34
-1 26
-1 13
-1 52
-1 40
-1 25
-1 10
24 -1
-1 55
-1 44
-1 22
-1 3
-1 29
-1 2
-1 52
-1 42
-1 59
-1 36
-1 17
-1 0
-1 53
-1 34
-1 22
-1 55
-1 41
-1 25
-1 0
-1 49
-1 33
-1 19
-1 15
-1 49
-1 36
-1 19
-1 9
-1 19
-1 13
-1 59
-1 32
-1 49
-1 34
-1 26
-1 10
-1 61
-1 32
-1 27
-1 2
-1 52
-1 34
-1 31
-1 6
-1 51
-1 45
-1 26
-1 5
-1 52
-1 41
-1 20
-1 9
-1 58
-1 25
-1 12
-1 52
-1 41
-1 17
-1 6
-1 54
-1 33
-1 30
-1 6
-1 56
-1 47
-1 23
-1 11
-1 48
-1 40
-1 20
-1 7
-1 61
-1 41
-1 29
-1 7
-1 55
-1 33
-1 23
-1 7
-1 61
-1 46
-1 26
-1 11
43 43
-1 16
-1 0
-1 57
-1 44
-1 60
-1 35
-1 28
-1 9
-1 56
-1 46
-1 20
-1 54
-1 46
-1 23
-1 6
-1 29
-1 8
-1 50
-1 47
-1 51
-1 35
-1 29
-1 13
-1 54
-1 44
-1 19
-1 13
-1 55
-1 35
-1 28
-1 53
-1 39
-1 28
-1 5
-1 18
-1 13
-1 56
-1 47
-1 57
-1 37
-1 20
-1 3
-1 50
-1 44
-1 25
-1 4
-1 18
-1 9
-1 60
-1 35
-1 48
-1 35
-1 26
-1 1
-1 56
-1 39
-1 19
-1 12
-1 54
-1 32
-1 16
-1 57
-1 41
-1 22
-1 0
3 3
-1 20
-1 8
-1 50
-1 33
-1 61
-1 43
-1 20
-1 7
-1 25
-1 0
-1 63
-1 34
-1 54
-1 37
-1 21
-1 1
46 -1
-1 50
-1 36
-1 21
-1 3
-1 62
-1 32
-1 22
-1 2
-1 31
-1 10
-1 58
-1 35
-1 59
-1 33
-1 29
-1 7
-1 54
-1 33
-1 25
-1 1
-1 48
-1 38
-1 17
-1 4
-1 60
-1 41
-1 25
-1 3
-1 48
-1 40
-1 21
-1 3
-1 61
-1 44
-1 23
-1 62
-1 40
-1 10
-1 63
-1 34
-1 26
-1 13
-1 49
-1 33
-1 31
-1 8
7 7
9 9
11 11
15 15
-1 31
-1 0
-1 49
-1 37
-1 61
-1 33
-1 21
-1 4
30 30
-1 54
-1 41
-1 25
-1 3
-1 53
-1 32
-1 31
-1 14
-1 56
-1 47
-1 23
-1 3
-1 63
-1 44
-1 25
-1 9
-1 61
-1 41
-1 24
-1 15
-1 53
-1 36
-1 20
-1 4
38 -1
-1 28
-1 2
-1 50
-1 42
-1 50
-1 40
-1 17
-1 0
-1 51
-1 37
-1 27
-1 3
-1 52
-1 35
-1 31
-1 0
-1 54
-1 47
-1 23
-1 13
-1 56
-1 18
-1 10
-1 59
-1 35
-1 20
-1 11
-1 55
-1 41
-1 24
-1 14
39 -1
-1 59
-1 41
-1 29
-1 0
-1 49
-1 40
-1 21
-1 7
-1 55
-1 39
-1 19
-1 6
-1 17
-1 5
-1 60
-1 35
-1 23
-1 1
-1 63
-1 41
-1 54
-1 35
-1 20
-1 1
-1 49
-1 32
-1 28
-1 10
-1 29
-1 13
-1 51
-1 39
-1 56
-1 32
-1 21
-1 1
-1 50
-1 39
-1 28
-1 4
-1 50
-1 41
-1 17
-1 2
-1 59
-1 47
-1 26
-1 7
-1 16
-1 15
-1 50
-1 37
-1 51
-1 38
-1 29
-1 8
-1 36
-1 29
-1 6
-1 52
-1 41
-1 17
-1 14
-1 61
-1 37
-1 26
-1 5
36 36
-1 51
-1 35
-1 22
-1 7
-1 63
-1 32
-1 25
-1 53
-1 44
-1 24
-1 8
-1 63
-1 42
-1 29
-1 12
-1 48
-1 40
-1 22
-1 15
-1 31
-1 4
-1 52
-1 40
-1 18
-1 1
-1 57
-1 40
39 39
-1 58
-1 32
-1 18
-1 8
-1 51
-1 32
-1 20
-1 11
-1 55
-1 19
-1 7
-1 56
-1 46
-1 18
-1 15
-1 48
-1 42
-1 24
-1 8
-1 51
-1 40
-1 19
-1 0
-1 62
-1 40
-1 21
-1 14
-1 57
-1 37
-1 25
-1 9
-1 53
-1 44
-1 29
-1 8
-1 19
-1 4
-1 59
-1 32
-1 59
-1 39
-1 17
-1 8
8 8
-1 51
-1 32
-1 29
-1 2
-1 63
-1 37
-1 30
-1 2
-1 16
-1 3
-1 59
-1 41
-1 30
-1 2
-1 53
-1 40
-1 60
-1 28
-1 11
-1 59
-1 44
-1 22
-1 7
43 -1
-1 52
-1 36
-1 19
-1 7
-1 24
-1 1
-1 63
-1 40
-1 53
-1 35
-1 27
-1 0
-1 52
-1 44
-1 17
-1 14
-1 49
-1 43
-1 18
-1 11
-1 59
-1 47
-1 27
-1 8
-1 54
-1 44
-1 24
-1 5
-1 21
-1 9
-1 55
-1 34
-1 49
-1 45
-1 24
-1 8
-1 49
-1 41
-1 22
-1 12
-1 62
-1 42
-1 24
-1 14
-1 54
-1 37
-1 21
-1 2
55 55
-1 27
-1 11
-1 52
-1 44
-1 61
-1 43
-1 29
-1 3
25 25
-1 50
-1 33
-1 21
-1 7
-1 51
-1 32
-1 19
-1 6
-1 56
-1 46
-1 14
-1 56
-1 43
-1 31
-1 10
-1 27
-1 9
-1 60
-1 47
-1 59
-1 43
-1 21
-1 15
-1 57
-1 34
-1 22
-1 6
-1 58
-1 41
-1 20
-1 3
-1 49
-1 38
-1 21
-1 10
-1 51
-1 46
-1 26
-1 10
-1 58
-1 46
-1 30
-1 2
-1 50
-1 43
-1 25
-1 1
-1 55
-1 44
-1 18
-1 14
-1 19
-1 14
-1 62
-1 48
-1 41
-1 23
-1 0
-1 48
-1 45
-1 30
-1 3
-1 62
-1 43
-1 19
-1 10
-1 50
-1 43
-1 24
-1 5
-1 22
-1 3
-1 61
-1 55
-1 38
-1 16
-1 10
-1 56
-1 33
-1 26
-1 2
-1 26
-1 7
-1 58
-1 46
-1 21
-1 8
-1 57
-1 35
-1 54
-1 32
-1 18
-1 3
-1 59
-1 44
-1 17
-1 6
-1 62
-1 44
-1 28
-1 0
32 32
-1 53
-1 29
-1 1
-1 58
-1 41
-1 9
-1 56
-1 32
-1 29
-1 9
33 33
-1 28
-1 10
-1 63
-1 41
-1 54
-1 42
-1 30
-1 2
-1 50
-1 47
-1 16
-1 12
16 16
-1 57
-1 32
-1 31
-1 4
-1 57
-1 39
-1 29
-1 15
-1 59
-1 38
-1 20
-1 7
14 -1
-1 61
-1 41
-1 26
-1 6
-1 52
-1 43
-1 24
-1 7
-1 49
-1 44
-1 19
-1 3
-1 56
-1 37
-1 17
-1 6
-1 54
-1 35
-1 22
-1 6
-1 58
-1 47
-1 17
-1 2
-1 22
-1 8
-1 49
-1 37
-1 62
-1 38
-1 19
-1 2
-1 55
-1 45
-1 31
-1 7
-1 51
-1 45
-1 24
-1 7
-1 16
-1 10
-1 57
-1 43
-1 60
-1 37
-1 29
-1 11
-1 55
-1 35
-1 23
-1 1
-1 61
-1 40
-1 27
-1 11
4 4
-1 52
-1 37
-1 26
-1 3
-1 23
-1 0
-1 55
-1 36
-1 27
-1 10
-1 63
-1 33
-1 52
-1 47
-1 19
-1 11
-1 63
-1 35
-1 27
-1 9
-1 50
-1 46
-1 25
-1 12
-1 19
-1 57
-1 46
-1 58
-1 37
-1 20
-1 6
-1 56
-1 44
-1 24
-1 10
-1 56
-1 37
-1 20
-1 13
31 -1
-1 28
-1 9
-1 53
-1 34
-1 28
-1 11
-1 56
-1 32
-1 48
-1 44
-1 27
-1 4
-1 57
-1 32
-1 24
-1 0
-1 58
-1 38
-1 24
-1 12
-1 49
-1 33
-1 25
-1 14
-1 23
-1 5
-1 59
-1 46
-1 56
-1 21
-1 13
-1 53
-1 44
-1 21
-1 13
-1 53
-1 47
-1 26
-1 9
42 42
-1 54
-1 36
-1 21
-1 12
-1 52
-1 33
-1 26
-1 12
-1 28
-1 5
-1 54
-1 45
-1 48
-1 46
-1 21
-1 0
-1 56
-1 35
-1 31
-1 3
-1 21
-1 7
-1 59
-1 37
-1 52
-1 37
-1 30
-1 15
-1 59
-1 45
-1 17
-1 3
-1 51
-1 47
-1 29
-1 13
-1 55
-1 44
-1 25
-1 8
-1 61
-1 33
-1 16
-1 1
-1 56
-1 45
-1 29
-1 12
17 -1
-1 20
-1 4
-1 60
-1 44
-1 56
-1 34
-1 24
-1 5
37 37
-1 56
-1 47
-1 20
-1 0
-1 56
-1 42
-1 24
-1 13
36 36
-1 27
-1 13
-1 63
-1 40
-1 61
-1 45
-1 31
-1 10
-1 56
-1 44
-1 18
-1 12
55 -1
-1 54
-1 20
-1 15
1 -1
30 -1
-1 49
-1 37
-1 26
-1 7
33 33
-1 57
-1 42
-1 21
-1 2
-1 58
-1 40
-1 20
-1 11
-1 49
-1 38
-1 26
-1 7
-1 49
-1 47
-1 31
-1 14
-1 57
-1 45
-1 18
-1 3
4 -1
-1 19
-1 1
-1 54
-1 40
-1 53
-1 38
-1 30
-1 10
-1 51
-1 42
-1 24
-1 14
39 -1
-1 52
-1 40
-1 29
-1 8
-1 63
-1 33
-1 26
-1 14
-1 21
-1 10
-1 53
-1 42
-1 48
-1 43
-1 22
-1 14
37 -1
-1 48
-1 41
-1 29
-1 0
-1 56
-1 39
-1 26
46 46
-1 62
-1 38
-1 11
-1 63
-1 20
-1 3
9 9
-1 50
-1 43
-1 29
-1 14
-1 60
-1 33
-1 23
-1 13
-1 51
-1 45
-1 20
-1 10
-1 56
-1 47
-1 31
-1 13
-1 51
-1 34
-1 16
-1 8
-1 17
-1 2
-1 55
-1 35
-1 61
-1 38
-1 24
-1 0
-1 51
-1 38
-1 24
-1 0
-1 51
-1 34
-1 22
-1 15
-1 48
-1 42
-1 20
-1 2
-1 23
-1 3
-1 52
-1 35
-1 19
-1 12
-1 57
-1 43
-1 57
-1 38
-1 26
-1 15
-1 50
-1 33
-1 19
-1 11
-1 26
-1 7
-1 54
-1 45
36 36
-1 59
-1 32
-1 31
-1 8
-1 62
-1 41
-1 18
-1 10
-1 51
-1 42
-1 31
-1 10
-1 60
-1 47
-1 19
-1 15
-1 63
-1 40
-1 21
-1 5
-1 62
-1 44
-1 22
-1 5
20 20
-1 63
-1 44
-1 18
-1 7
1 -1
-1 60
-1 47
-1 31
-1 12
-1 48
-1 33
-1 26
-1 15
-1 27
-1 12
-1 62
-1 44
-1 52
-1 45
-1 26
-1 2
-1 59
-1 38
-1 31
-1 3
-1 52
-1 33
-1 30
-1 0
-1 54
-1 33
-1 30
-1 14
-1 56
-1 39
-1 29
-1 7
-1 58
-1 24
-1 7
-1 55
-1 47
-1 27
-1 13
-1 23
-1 11
-1 57
-1 38
21 21
-1 53
-1 33
-1 31
-1 14
-1 60
-1 32
-1 23
-1 8
-1 48
-1 34
-1 22
-1 12
-1 47
-1 23
-1 0
-1 31
-1 3
-1 61
-1 40
-1 59
-1 38
-1 24
-1 3
-1 50
-1 43
-1 0
-1 49
-1 34
-1 22
-1 13
-1 31
-1 13
-1 56
-1 43
55 -1
-1 27
-1 5
-1 52
-1 59
-1 33
-1 24
-1 15
41 41
47 -1
-1 62
-1 37
-1 17
-1 4
-1 59
-1 33
-1 24
-1 7
51 51
-1 56
-1 38
-1 31
-1 7
-1 21
-1 7
-1 48
-1 24
-1 11
37 37
-1 59
-1 32
-1 28
-1 6
-1 53
-1 43
-1 19
-1 13
50 50
-1 57
-1 44
-1 20
-1 5
-1 61
-1 43
-1 28
-1 0
-1 31
-1 10
-1 57
-1 37
-1 24
-1 13
-1 56
-1 45
-1 51
-1 34
-1 24
-1 9
-1 50
-1 34
-1 25
-1 6
54 54
-1 53
-1 32
-1 20
-1 0
17 -1
-1 60
-1 34
-1 24
-1 9
-1 53
-1 43
-1 22
-1 7
-1 18
-1 7
-1 32
-1 50
-1 38
-1 25
-1 15
-1 63
-1 44
-1 27
-1 13
-1 55
-1 41
-1 25
-1 10
-1 50
-1 28
-1 0
37 37
-1 49
-1 39
-1 23
-1 6
33 33
-1 58
-1 35
-1 28
-1 11
-1 59
-1 39
-1 26
-1 3
34 34
-1 62
-1 25
-1 3
-1 53
-1 40
-1 30
-1 6
-1 49
-1 43
-1 16
-1 1
-1 16
-1 11
-1 62
-1 34
-1 20
-1 1
-1 49
-1 41
0 0
-1 -1
