0 0 54 36 16 8
0 0 50 47 24 2
0 0 56 34 21 4
0 0 51 36 25 13
0 0 51 45 30 14
0 21 54 46 26 13
21 23 53 44 20 5
23 24 59 33 27 8
24 24 52 34 28 3
24 24 49 37 26 1
24 24 63 47 29 11
24 24 52 36 21 13
24 33 48 46 27 7
33 35 50 33 27 5
35 37 53 44 25 10
37 39 55 46 27 9
39 40 54 36 26 3
40 41 50 33 23 4
41 42 55 45 28 3
42 45 50 41 18 11
45 46 49 35 19 1
46 48 52 36 22 1
48 48 57 35 21 15
48 48 49 46 16 10
48 48 55 40 29 8
48 48 60 41 29 10
48 48 52 32 25 10
48 48 58 38 16 14
48 48 61 46 25 11
48 48 53 44 23 0
48 48 58 32 23 9
48 48 55 41 22 12
48 48 52 34 30 7
48 48 61 45 24 8
48 48 52 41 16 4
48 48 51 37 31 6
48 50 27 0 60 38
50 58 25 8 53 42
58 61 18 6 60 37
61 65 30 11 61 45
68 71 54 32 19 15
71 75 49 36 17 2
75 76 54 39 28 12
76 77 62 42 31 8
77 77 54 47 19 3
77 77 50 33 26 14
77 77 61 41 20 14
77 77 49 34 24 15
77 77 51 33 23 3
77 78 56 36 21 2
78 85 56 39 20 4
85 87 58 36 28 9
87 88 50 33 16 12
88 89 63 38 24 15
89 92 60 43 28 7
92 94 50 33 21 4
94 94 50 41 20 1
94 94 50 43 19 11
94 94 59 34 27 0
94 94 57 40 31 12
94 95 50 43 29 0
95 95 58 36 25 8
95 95 52 38 16 2
95 95 48 44 18 14
95 95 48 32 21 10
95 95 48 38 26 1
95 97 53 40 26 10
97 97 57 40 20 7
97 101 57 46 29 15
101 101 61 34 30 15
101 101 48 44 18 5
101 101 49 46 26 1
101 101 53 32 29 2
101 101 57 40 17 2
101 101 49 36 26 12
101 101 63 38 22 5
101 104 22 13 57 47
104 107 21 8 59 38
107 109 25 9 48 33
109 112 25 14 49 42
113 114 51 35 24 5
114 118 62 43 16 4
118 121 57 47 30 11
121 121 55 40 23 3
121 121 54 35 24 8
121 121 55 41 31 5
121 121 58 39 24 14
121 121 61 41 31 4
121 121 48 45 24 10
121 123 59 45 20 11
123 126 57 33 18 10
126 128 63 33 30 1
128 128 58 32 18 7
128 128 53 41 19 0
128 128 63 46 18 1
128 128 54 41 22 12
128 128 53 45 22 5
128 128 61 34 29 0
128 128 59 44 16 5
128 128 50 34 21 4
128 130 50 45 18 14
130 130 48 42 28 15
130 130 54 39 19 12
130 130 57 35 28 13
130 130 55 39 27 3
130 130 58 44 30 15
130 131 49 37 26 6
131 133 62 34 28 10
133 133 48 42 16 10
133 133 60 43 28 8
133 133 61 38 26 11
133 133 52 46 21 7
133 133 62 32 17 4
133 133 48 42 22 12
133 133 57 41 16 6
133 133 53 38 16 8
133 135 30 9 62 35
135 136 30 9 59 43
136 136 19 13 52 44
136 136 23 5 59 42
136 136 57 35 20 0
136 138 60 37 19 15
138 141 51 34 20 2
141 142 61 39 24 8
142 143 50 47 28 1
143 143 58 42 18 6
143 143 48 47 21 15
143 143 51 46 16 5
143 143 51 36 19 10
143 143 57 44 30 13
143 143 48 38 22 10
143 143 52 33 28 6
143 145 53 35 31 12
145 148 50 36 29 4
148 148 60 46 27 11
148 148 58 44 16 15
148 148 53 47 27 3
148 148 56 36 31 13
148 148 53 44 28 11
148 148 49 32 23 3
148 151 63 44 26 9
151 151 55 36 23 4
151 151 56 46 18 2
151 151 55 41 25 15
151 151 55 39 30 3
151 151 63 41 21 5
151 151 52 40 17 3
151 151 51 37 29 11
151 151 61 39 18 7
151 151 52 42 17 8
151 151 48 41 19 5
151 151 51 39 19 15
151 154 48 33 26 15
154 156 56 41 17 5
156 156 60 39 18 12
156 156 63 40 19 13
156 156 18 5 48 36
156 157 25 12 57 46
157 158 25 0 58 36
158 159 18 1 52 37
159 159 55 32 25 15
159 159 58 33 27 3
159 159 60 32 24 1
159 159 58 37 18 13
159 161 52 33 20 15
161 162 51 38 20 3
162 164 60 37 26 15
164 165 48 38 16 5
165 166 48 36 17 7
166 166 61 45 17 10
166 166 56 46 26 14
166 166 51 47 24 2
166 169 55 43 24 5
169 171 50 44 25 9
171 171 50 44 19 15
171 171 48 41 26 13
171 171 63 46 24 13
171 171 63 45 18 13
171 171 53 32 28 11
171 171 49 39 27 6
171 171 51 40 30 13
171 171 59 42 22 12
171 171 49 35 24 14
171 171 61 33 24 2
171 173 48 33 29 5
173 176 60 43 19 12
176 177 49 44 28 12
177 178 53 37 20 2
178 184 56 38 17 13
184 186 57 41 28 9
186 186 58 45 30 2
186 186 48 39 16 3
186 186 52 37 18 12
186 186 48 38 28 7
186 186 51 33 19 4
186 186 58 33 29 7
186 188 18 14 60 38
188 188 28 8 58 45
188 188 18 1 60 47
188 188 31 4 52 38
188 191 55 36 31 7
191 191 53 38 26 2
191 191 51 41 31 12
191 191 51 38 25 12
191 191 59 46 30 4
191 191 61 34 25 4
191 191 59 38 31 9
191 191 56 39 17 0
191 191 56 38 22 3
191 191 56 47 31 14
191 191 59 45 21 14
191 191 56 44 21 10
191 191 49 45 31 8
191 194 56 35 24 13
194 197 55 41 25 8
197 198 63 44 16 6
198 198 52 47 22 2
198 198 58 46 31 15
198 198 48 46 24 3
198 198 61 33 29 7
198 198 56 45 25 14
198 198 54 37 25 7
198 198 52 32 28 3
198 198 49 41 27 8
198 199 56 35 31 4
199 203 58 42 16 1
203 205 60 35 19 15
205 206 49 34 29 10
206 206 59 35 24 3
206 206 55 33 22 5
206 206 57 38 26 1
206 206 49 36 31 11
206 208 57 35 28 3
208 208 60 33 29 2
208 210 56 39 23 5
210 212 52 46 31 13
212 216 24 7 57 41
216 217 30 5 63 45
217 218 17 4 49 39
218 218 30 15 62 41
218 222 60 40 30 1
222 223 52 44 17 12
223 223 60 35 29 8
223 223 62 40 27 13
223 223 48 39 23 8
223 223 63 38 20 13
223 223 55 33 24 4
223 223 62 39 30 13
223 223 60 47 22 4
223 223 56 44 18 14
223 223 48 38 31 14
223 223 53 46 23 6
223 225 63 42 17 4
225 229 51 40 31 6
229 231 49 35 24 2
231 231 60 44 19 12
231 231 58 45 25 14
231 231 49 45 20 4
231 231 63 35 22 10
231 231 58 32 20 9
231 231 63 39 22 5
231 231 57 39 20 2
231 231 48 37 25 15
231 231 62 46 18 12
231 233 59 34 31 11
233 233 61 33 21 10
233 233 62 43 27 9
233 233 52 42 26 1
233 233 60 40 27 9
233 233 50 43 18 14
233 233 63 46 20 9
233 233 51 32 26 5
233 234 61 38 19 4
234 238 63 42 30 9
238 238 51 41 22 6
238 238 52 34 24 7
238 238 27 10 61 46
238 238 23 5 55 33
238 238 30 7 56 40
238 238 28 3 58 42
238 241 62 33 21 0
241 243 56 43 29 8
243 243 57 41 27 8
243 243 63 46 18 11
243 243 55 45 27 0
243 243 49 35 29 5
243 243 55 43 23 5
243 243 52 42 16 2
243 258 48 47 21 3
258 357 52 47 16 13
357 358 59 39 21 1
358 358 61 34 18 12
358 370 63 33 25 8
370 381 61 47 19 1
381 393 61 32 21 0
393 406 63 47 28 7
406 428 50 47 23 6
428 446 53 32 29 13
446 462 55 33 29 12
462 464 58 39 24 5
464 497 53 43 27 7
497 498 53 32 22 2
498 498 54 35 30 15
498 498 50 45 29 7
498 498 48 43 17 7
498 498 62 36 31 3
498 498 51 34 23 6
498 498 57 33 24 10
498 498 53 42 17 9
498 498 48 44 16 14
498 498 50 36 17 2
498 498 58 43 21 11
498 499 60 34 16 8
499 500 49 32 18 12
500 501 54 33 23 14
501 501 56 40 25 0
501 502 19 7 59 39
502 502 24 10 58 36
502 502 19 13 61 46
502 502 21 0 57 38
502 503 50 41 29 4
503 503 48 37 16 12
503 503 54 40 18 14
503 503 52 44 28 13
503 503 54 42 22 10
503 503 54 33 23 9
503 503 51 37 25 14
503 503 52 33 18 8
503 503 62 36 17 1
503 503 62 34 29 2
503 504 56 44 30 4
504 504 61 34 27 2
504 506 60 32 26 7
506 506 53 45 30 3
506 506 48 35 17 0
506 506 56 46 31 14
506 506 60 39 28 8
506 506 53 46 25 12
506 506 60 42 31 9
506 506 52 39 21 14
506 506 63 38 26 8
506 506 61 41 20 6
506 506 60 35 25 9
506 506 54 47 21 13
506 506 50 34 22 6
506 506 49 41 17 10
506 506 60 43 23 1
506 506 53 36 30 14
506 506 53 46 22 0
506 506 56 45 26 15
506 506 62 46 22 6
506 506 52 45 20 15
506 506 60 34 26 9
506 506 57 43 21 9
506 506 62 36 21 13
506 506 63 35 17 8
506 507 21 6 50 32
507 508 19 0 53 41
508 508 19 0 50 38
508 508 16 14 61 44
508 508 53 39 30 8
508 508 63 34 16 2
508 508 54 46 27 14
508 508 53 35 19 11
508 509 61 35 16 6
509 509 51 41 25 3
509 509 63 45 21 1
509 509 63 39 22 11
509 509 50 39 29 11
509 509 63 34 27 7
509 509 58 43 29 15
509 509 54 44 21 3
509 510 56 42 29 2
510 512 63 32 19 5
512 512 60 34 31 10
512 512 59 42 23 15
512 512 48 43 23 11
512 512 59 32 24 11
512 512 54 47 29 10
512 512 58 44 21 12
512 512 51 42 24 12
512 512 61 38 24 14
512 512 63 34 26 6
512 512 57 42 17 11
512 512 63 47 26 2
512 512 57 41 23 0
512 512 53 42 22 12
512 512 59 47 16 13
512 512 48 42 23 6
512 513 50 45 20 8
513 513 56 45 28 7
513 513 54 43 30 9
513 513 60 47 29 5
513 513 52 44 17 0
513 513 63 35 28 3
513 513 63 47 26 4
513 513 26 2 48 46
513 513 28 5 48 45
513 514 17 9 54 47
514 514 24 7 62 39
514 514 50 37 29 7
514 514 58 42 17 14
514 516 57 42 26 4
516 516 48 46 18 12
516 516 56 44 22 1
516 516 54 39 19 9
516 516 52 34 18 13
516 516 49 44 22 3
516 516 49 34 26 8
516 516 54 36 19 2
516 516 60 40 25 15
516 516 54 45 30 6
516 516 51 33 17 10
516 516 51 32 30 5
516 516 50 42 30 2
516 516 51 33 26 1
516 516 60 47 30 9
516 516 57 33 30 13
516 516 52 39 24 15
516 516 51 39 27 14
516 516 48 37 28 8
516 516 62 47 26 7
516 516 52 38 19 4
516 516 58 39 16 11
516 518 52 43 20 11
518 518 50 33 22 10
518 518 61 37 27 3
518 518 59 43 30 14
518 518 51 35 25 1
518 518 50 44 25 0
518 518 59 40 28 6
518 518 59 40 23 4
518 518 50 34 17 2
518 518 63 38 17 11
518 518 51 37 24 2
518 518 59 44 28 5
518 518 26 1 50 47
518 518 25 3 61 35
518 519 26 13 54 37
519 520 17 1 53 42
521 521 52 39 16 9
521 521 56 38 26 1
521 521 61 45 25 8
521 521 61 32 20 2
521 521 52 47 30 15
521 521 53 40 17 3
521 521 60 39 27 10
521 521 51 47 25 6
521 521 58 44 27 3
521 521 56 41 17 12
521 521 53 40 23 13
521 521 53 44 24 13
521 521 61 41 22 10
521 521 48 36 27 3
521 521 50 41 31 12
521 521 58 37 22 9
521 521 56 37 29 4
521 521 49 44 23 9
521 521 51 34 17 15
521 522 59 33 23 14
522 522 52 38 28 2
522 523 48 45 18 12
523 523 56 39 31 6
523 523 52 42 18 7
523 523 54 45 31 2
523 523 55 41 28 2
523 523 50 44 28 12
523 523 51 42 19 7
523 523 63 43 29 13
523 523 50 42 24 12
523 523 51 40 22 13
523 523 59 41 21 2
523 523 62 44 30 3
523 523 62 38 30 3
523 523 58 41 30 0
523 523 52 41 21 5
523 523 24 4 60 33
523 524 24 2 53 32
524 525 16 9 50 40
525 525 27 15 49 35
525 525 55 41 27 10
525 525 61 43 22 14
525 525 51 38 25 9
525 525 48 44 19 8
525 526 51 42 27 5
526 526 58 34 25 13
526 526 63 43 16 1
526 526 52 41 19 9
526 526 62 42 22 4
526 526 55 36 22 7
526 526 60 40 23 0
526 526 52 44 28 0
526 526 61 33 19 12
526 526 48 41 24 7
526 526 48 43 28 9
526 526 49 32 30 12
526 526 58 37 19 4
526 526 48 32 16 6
526 526 61 38 31 2
526 526 54 36 28 14
526 526 55 37 30 12
526 526 62 47 22 14
526 528 50 35 24 13
528 528 57 36 23 7
528 528 60 34 19 3
528 528 50 34 19 6
528 528 58 36 25 9
528 528 59 39 31 9
528 528 62 46 27 1
528 528 61 41 22 3
528 528 56 32 29 15
528 528 60 44 17 11
528 528 49 44 19 5
528 529 50 47 18 8
529 529 61 37 23 7
529 529 59 47 20 13
529 529 24 1 51 35
529 529 30 4 58 32
529 529 17 3 54 32
529 529 28 15 62 33
530 530 49 34 29 6
530 530 48 46 16 13
530 530 56 44 20 5
530 530 54 45 25 3
530 531 49 37 25 5
531 531 58 33 29 2
531 531 57 35 24 13
531 531 57 32 26 0
531 531 63 41 20 13
531 531 59 38 21 15
531 531 58 42 24 15
531 531 53 42 23 6
531 531 55 47 28 5
531 531 50 44 28 10
531 531 62 45 25 2
531 531 62 35 27 7
531 532 54 45 30 9
532 532 59 38 19 15
532 532 48 34 28 6
532 532 50 37 25 6
532 532 63 43 20 14
532 532 55 38 27 8
532 532 51 44 27 2
532 532 54 32 28 1
532 532 55 39 25 10
532 533 62 42 17 8
533 533 56 35 19 5
533 533 56 38 17 4
533 533 63 39 26 6
533 533 50 43 16 15
533 533 48 38 28 9
533 533 49 41 21 11
533 533 52 34 18 0
533 533 61 34 18 15
533 533 49 35 17 10
533 533 61 40 16 2
533 534 25 7 60 35
534 534 31 1 54 45
534 534 21 9 48 46
534 534 16 6 59 35
534 535 56 35 18 3
535 535 58 44 23 9
535 535 52 35 31 3
535 535 52 47 18 5
535 535 53 46 31 3
535 535 50 36 21 14
535 535 49 46 18 3
535 535 55 39 30 1
535 536 56 39 19 6
536 536 61 44 21 14
536 536 58 40 24 15
536 536 62 39 29 2
536 536 51 40 17 10
536 536 53 34 29 0
536 536 63 38 16 13
536 536 61 36 29 2
536 536 53 39 29 6
536 536 58 43 17 13
536 536 52 43 30 13
536 536 60 42 28 13
536 536 56 39 24 9
536 536 62 34 28 9
536 536 56 37 29 12
536 536 57 45 26 14
536 536 55 39 29 11
536 536 55 37 31 5
536 536 53 45 28 8
536 536 57 47 16 1
536 536 58 35 20 15
536 536 59 40 29 11
536 536 53 44 23 11
536 536 49 43 29 9
536 536 55 35 21 14
536 537 52 34 27 6
537 538 52 46 18 5
538 538 57 36 21 11
538 538 18 4 50 40
538 538 26 13 57 36
538 538 22 8 50 42
538 538 31 4 60 33
538 538 55 35 27 7
538 538 53 43 30 13
538 538 59 44 19 1
538 538 51 44 17 1
538 539 55 34 23 15
539 539 61 33 21 1
539 539 57 41 20 2
539 539 58 36 17 9
539 539 51 45 31 1
539 539 60 44 31 12
539 539 52 41 21 1
539 539 56 32 30 8
539 539 59 37 30 7
539 539 56 39 29 3
539 539 60 40 24 13
539 539 62 38 28 12
539 539 59 42 31 10
539 540 62 47 31 13
540 541 58 35 18 5
541 541 59 38 19 10
541 541 63 38 21 1
541 541 49 47 17 15
541 541 59 41 19 9
541 541 58 40 30 10
541 541 54 34 24 6
541 541 52 34 17 0
541 541 56 32 25 11
541 541 48 36 31 2
541 541 60 47 21 15
541 541 63 41 21 14
541 541 57 37 22 8
541 541 63 45 27 9
541 541 62 37 17 5
541 541 53 33 30 7
541 541 53 42 30 13
541 541 60 46 30 10
541 541 26 14 61 46
541 541 17 2 54 39
541 542 30 14 54 35
542 542 23 13 51 33
542 542 53 44 27 9
542 545 61 34 16 12
545 545 49 36 31 0
545 545 60 47 18 12
545 545 60 43 17 1
545 545 63 45 16 4
545 545 53 46 31 13
545 545 52 36 19 2
545 545 56 33 26 11
545 545 54 38 29 13
545 545 59 38 31 2
545 545 58 33 21 11
545 546 50 38 30 6
546 546 56 44 21 10
546 546 63 44 16 7
546 546 60 35 30 15
546 546 59 43 24 14
546 546 59 34 25 10
546 546 57 44 31 4
546 546 48 41 20 15
546 546 57 47 29 15
546 546 60 42 21 4
546 546 54 32 17 12
546 546 60 47 20 6
546 546 60 43 20 10
546 547 57 44 28 8
547 547 57 33 19 2
547 547 61 38 22 5
547 547 63 46 27 10
547 548 53 45 25 3
548 548 56 45 30 6
548 548 57 38 31 11
548 548 51 45 23 3
548 548 57 38 27 6
548 548 59 46 19 8
548 548 59 39 23 5
548 548 26 9 53 42
548 548 23 13 51 39
548 549 18 0 60 33
549 549 30 8 61 34
550 550 50 39 30 14
550 551 56 36 31 15
551 551 54 38 20 10
551 551 50 47 29 9
551 551 52 47 24 15
551 551 49 41 19 4
551 551 59 32 19 0
551 551 59 41 27 4
551 551 62 37 31 13
551 551 60 45 16 5
551 551 49 35 27 5
551 551 52 34 20 2
551 551 51 41 30 10
551 551 50 39 26 8
551 551 49 44 19 9
551 551 54 35 19 4
551 551 58 41 18 3
551 551 57 37 17 6
551 551 49 33 31 6
551 551 56 37 27 11
551 551 57 33 29 10
551 551 60 37 20 3
551 551 61 34 27 6
551 551 52 37 23 14
551 551 57 47 30 8
551 551 54 46 28 7
551 553 57 46 21 1
553 553 51 36 26 15
553 553 49 42 25 6
553 553 57 34 21 8
553 553 52 42 24 7
553 553 49 41 18 7
553 553 56 36 19 8
553 553 61 43 17 11
553 553 52 42 23 12
553 553 52 44 19 1
553 553 18 2 56 44
553 553 21 4 63 36
553 554 23 0 49 36
554 554 27 11 57 37
554 555 49 34 30 5
555 555 58 40 16 9
555 555 59 35 27 10
555 555 49 44 23 9
555 555 59 47 28 0
555 555 50 33 23 1
555 555 57 44 27 11
555 555 54 38 16 13
555 556 52 40 16 8
556 556 48 35 25 2
556 556 52 47 22 12
556 556 55 33 19 2
556 556 58 41 25 2
556 556 51 42 23 2
556 556 49 43 31 9
556 556 48 43 21 1
556 556 49 34 23 11
556 556 53 38 19 10
556 556 62 33 30 0
556 556 56 41 21 3
556 556 60 33 17 13
556 556 63 41 28 9
556 556 53 40 19 0
556 556 62 43 28 13
556 556 52 42 20 13
556 556 49 41 17 10
556 556 61 42 18 13
556 557 51 45 27 11
557 557 62 35 17 9
557 557 50 35 17 15
557 557 55 35 21 5
557 557 48 47 22 2
557 557 57 35 24 5
557 557 56 40 16 5
557 558 54 39 31 14
558 558 59 34 16 3
558 558 17 0 57 47
558 558 30 8 53 45
558 558 23 3 57 32
558 558 27 1 55 38
558 558 58 34 25 6
558 558 51 37 29 7
558 558 63 43 26 12
558 559 55 33 29 14
559 559 49 34 29 7
559 559 49 43 26 4
559 559 52 42 19 8
559 559 58 42 30 13
559 559 60 33 22 8
559 559 61 35 20 10
559 559 58 41 29 7
559 559 48 38 17 9
559 559 56 40 18 7
559 560 49 34 24 4
560 560 54 45 23 10
560 560 51 44 23 1
560 560 54 39 18 4
560 560 48 39 16 0
560 560 58 32 25 14
560 560 58 45 24 7
560 560 52 34 29 12
560 560 60 44 30 7
560 560 60 34 24 12
560 560 53 41 22 15
560 561 63 46 27 3
561 561 54 32 18 11
561 561 58 44 30 5
561 561 63 37 28 9
561 561 62 43 25 3
561 561 56 32 23 8
561 561 54 37 21 10
561 561 60 41 19 10
561 561 62 40 31 12
561 561 52 33 21 2
561 561 60 45 18 9
561 561 62 44 21 10
561 561 19 11 54 38
561 561 27 14 63 35
561 561 21 10 61 41
561 561 23 4 59 37
562 562 62 43 31 8
562 563 59 46 19 5
563 563 55 45 23 15
563 563 54 36 22 5
563 563 56 38 18 11
563 563 50 38 24 9
563 563 61 39 31 15
563 563 56 35 19 0
563 563 53 44 27 4
563 563 52 33 17 12
563 563 60 41 27 7
563 563 53 32 30 3
563 564 51 39 17 13
564 564 62 32 23 11
564 564 57 35 18 5
564 564 56 44 25 7
564 564 61 47 24 5
564 564 59 32 19 7
564 564 60 34 19 4
564 564 49 40 22 8
564 564 54 32 24 0
564 564 55 44 23 8
564 564 58 32 24 4
564 564 50 36 16 8
564 564 51 36 16 4
564 564 59 47 16 2
564 564 51 44 19 3
564 564 60 36 26 8
564 566 58 33 29 0
566 568 54 35 28 3
568 568 63 40 26 11
568 568 58 34 23 1
568 568 55 37 21 1
568 568 51 45 27 13
568 568 59 41 22 8
568 568 48 36 20 5
568 570 22 6 56 36
570 570 17 4 56 44
570 570 31 12 52 35
570 570 31 10 59 35
571 571 55 38 26 3
571 571 61 36 23 3
571 571 61 37 25 7
571 571 55 39 30 12
571 572 57 42 16 1
572 572 59 37 17 10
572 574 59 33 23 4
574 574 49 47 19 8
574 575 51 36 16 2
575 576 52 40 22 11
576 576 58 46 22 14
576 576 57 44 25 2
576 576 54 34 30 5
576 576 52 32 17 7
576 576 63 46 17 15
576 576 60 46 24 3
576 576 48 38 22 0
576 576 59 32 21 12
576 577 62 37 26 3
577 577 55 34 16 15
577 577 60 42 20 1
577 577 59 40 27 15
577 577 62 40 21 14
577 577 54 35 30 9
577 577 53 32 31 14
577 577 53 34 17 5
577 577 62 37 17 5
577 577 60 34 19 14
577 578 57 46 26 2
578 578 59 33 17 12
578 578 61 43 21 8
578 578 55 35 30 11
578 578 53 37 20 13
578 578 57 32 27 4
578 578 58 43 24 1
578 578 58 47 21 14
578 578 24 10 55 35
578 578 23 2 61 36
578 578 22 7 62 39
578 578 20 8 49 47
579 579 55 40 26 8
579 580 58 45 22 0
580 580 58 39 29 9
580 580 61 46 22 3
580 580 58 38 28 3
580 580 61 42 22 8
580 580 52 43 26 1
580 580 63 46 27 13
580 580 50 32 28 14
580 580 50 32 28 2
580 580 51 33 27 13
580 580 63 34 30 0
580 581 62 46 19 0
581 581 61 36 16 13
581 581 60 32 16 14
581 581 58 45 28 5
581 581 59 34 23 11
581 581 50 37 21 3
581 581 54 35 24 11
581 581 52 44 22 15
581 581 61 43 16 14
581 581 55 46 17 13
581 581 55 44 30 8
581 581 51 33 16 5
581 581 49 32 20 15
581 581 48 36 23 0
581 581 53 45 31 12
581 581 52 39 28 1
581 581 53 43 27 15
581 581 62 47 16 3
581 582 63 35 31 2
582 583 53 41 22 7
583 583 63 44 21 0
583 583 52 47 25 15
583 583 51 41 24 9
583 583 63 40 25 5
583 583 18 3 51 38
583 583 20 8 57 40
583 583 31 5 51 44
583 583 27 15 54 33
583 584 49 33 29 15
584 584 58 46 29 5
584 584 54 44 17 5
584 584 48 39 27 6
584 584 62 33 31 10
584 584 59 44 19 14
584 584 62 34 27 3
584 584 58 40 20 3
584 585 57 44 19 2
585 585 59 46 18 9
585 585 59 41 26 10
585 585 56 44 17 7
585 585 55 45 30 10
585 585 59 47 27 4
585 585 50 33 24 1
585 585 61 37 25 8
585 585 51 37 31 11
585 585 48 42 27 9
585 585 49 39 18 7
585 585 54 36 16 13
585 586 62 41 29 15
586 586 57 34 21 13
586 586 52 34 23 1
586 586 54 41 29 15
586 586 51 36 22 1
586 586 50 43 31 7
586 586 49 38 29 12
586 586 60 46 30 10
586 586 63 34 31 8
586 586 50 37 24 9
586 586 54 43 16 1
586 586 63 45 30 15
586 586 51 38 29 15
586 587 55 43 25 7
587 588 54 33 26 5
588 588 57 47 20 10
588 588 16 8 56 39
588 588 21 5 50 44
588 588 29 0 61 46
588 588 20 6 48 41
588 588 61 37 21 1
588 589 52 45 25 4
589 589 50 46 28 3
589 589 53 33 16 0
589 589 48 44 28 13
589 589 52 32 22 14
589 589 59 44 19 7
589 589 51 39 20 1
589 590 62 36 27 15
590 590 54 32 27 12
590 590 52 45 18 4
590 590 62 39 24 4
590 590 56 45 29 0
590 591 61 40 19 9
591 591 59 47 26 14
591 591 55 37 21 1
591 591 53 39 30 0
591 591 51 33 27 3
591 591 53 33 23 6
591 591 53 32 29 13
591 591 51 38 20 6
591 591 63 37 17 14
591 591 60 46 28 1
591 591 49 43 25 15
591 591 53 45 29 15
591 593 63 42 16 5
593 593 48 37 23 3
593 593 54 40 29 3
593 593 57 35 21 11
593 593 59 46 29 8
593 593 51 38 18 4
593 593 55 39 17 0
593 593 58 33 21 14
593 593 56 36 16 4
593 593 55 33 23 4
593 595 52 41 26 4
595 596 18 5 59 41
596 596 17 9 57 46
596 596 29 4 57 37
596 596 19 1 54 44
596 596 51 42 22 11
596 596 62 40 26 0
596 596 50 40 16 6
596 596 63 40 29 0
596 598 48 45 17 15
598 598 48 35 19 4
598 598 57 44 22 11
598 598 56 41 20 4
598 598 63 47 16 0
598 598 54 47 26 9
598 598 54 40 22 3
598 600 54 46 27 8
600 601 54 34 18 12
601 601 51 46 17 15
601 601 63 37 19 12
601 601 51 46 19 5
601 601 51 47 28 14
601 601 61 37 16 6
601 601 59 34 23 0
601 601 53 44 22 3
601 603 62 46 20 0
603 603 63 39 27 2
603 603 48 43 28 3
603 603 50 45 28 2
603 603 54 38 31 2
603 603 52 36 20 9
603 603 58 44 24 15
603 603 63 47 28 13
603 603 50 47 28 0
603 603 52 36 27 3
603 603 57 46 22 9
603 603 58 44 22 2
603 604 51 45 22 4
604 604 56 42 22 3
604 604 62 34 16 8
604 604 53 33 30 11
604 604 27 0 59 32
604 604 31 15 54 34
604 604 24 11 63 36
604 604 19 8 58 43
605 605 52 41 20 9
605 605 53 41 31 7
605 605 53 41 28 12
605 606 53 32 18 4
606 606 55 40 27 3
606 606 55 43 30 4
606 606 56 38 17 9
606 606 54 35 28 13
606 607 54 42 26 6
607 608 57 40 23 6
608 608 56 46 29 8
608 608 55 38 29 7
608 608 51 35 24 5
608 608 56 43 27 0
608 608 52 36 16 11
608 608 63 35 27 8
608 608 57 47 17 1
608 608 54 37 21 0
608 608 55 39 25 10
608 608 54 42 21 0
608 608 54 33 16 10
608 608 61 39 31 7
608 608 53 33 22 8
608 608 62 47 30 0
608 608 52 41 27 7
608 608 62 46 16 4
608 608 60 32 23 0
608 608 61 44 31 0
608 608 50 36 28 6
608 608 59 39 23 15
608 608 57 40 20 9
608 608 57 38 28 10
608 609 56 34 28 13
609 610 62 42 18 7
610 610 59 36 19 6
610 610 52 38 28 7
610 610 20 9 61 37
610 610 22 0 50 46
610 611 23 1 54 46
611 611 27 15 49 40
611 611 58 36 30 9
611 611 49 39 19 4
611 611 59 39 16 7
611 611 59 44 28 9
611 611 61 43 23 1
611 611 56 40 19 6
611 611 57 32 17 4
611 611 53 38 16 8
611 611 58 43 22 8
611 611 52 32 29 0
611 612 54 34 18 3
612 612 62 38 22 6
612 612 53 44 19 0
612 612 59 43 31 13
612 612 50 32 19 5
612 612 57 45 28 4
612 613 52 41 24 2
613 613 49 33 24 5
613 613 49 33 24 11
613 613 53 41 16 9
613 613 55 32 26 8
613 613 54 40 21 15
613 613 58 42 28 0
613 613 61 34 30 8
613 613 61 38 21 8
613 613 61 37 28 13
613 613 59 37 16 1
613 613 60 42 20 11
613 613 61 37 21 13
613 613 52 33 19 1
613 613 60 43 17 6
613 613 63 35 20 7
613 613 61 35 25 0
613 614 50 35 30 4
614 614 55 43 27 3
614 614 48 35 28 10
614 614 20 4 53 34
614 614 19 4 58 38
614 614 24 10 48 37
614 614 28 2 57 43
616 616 53 38 25 14
616 616 51 40 20 12
616 616 61 37 20 7
616 616 63 37 17 7
616 616 58 44 18 0
616 616 57 47 23 10
616 616 58 32 16 5
616 616 57 43 30 8
616 616 57 43 20 12
616 616 59 40 25 5
616 616 48 40 21 4
616 616 63 33 31 12
616 616 55 45 22 0
616 616 53 44 23 12
616 616 50 38 30 13
616 616 51 38 17 8
616 618 54 34 23 10
618 618 60 39 26 3
618 618 51 44 27 8
618 618 52 34 27 15
618 618 61 41 27 7
618 618 54 43 25 8
618 618 58 42 21 0
618 618 50 39 21 12
618 618 53 39 31 3
618 618 49 47 25 12
618 618 49 45 24 2
618 618 56 41 30 6
618 618 59 46 20 12
618 618 59 37 30 7
618 618 60 37 26 10
618 618 56 42 31 15
618 618 52 46 27 1
618 618 52 46 18 2
618 618 51 38 22 3
618 618 59 36 18 15
618 619 16 15 61 39
619 619 22 9 50 42
619 619 27 14 49 47
619 619 25 9 55 41
619 620 60 37 30 11
620 621 59 34 29 3
621 621 50 33 27 1
621 621 49 38 22 7
621 621 58 40 31 7
621 621 58 41 25 3
621 621 62 40 29 14
621 621 59 40 18 1
621 622 53 32 25 2
622 622 57 47 20 7
622 622 56 33 31 13
622 622 56 34 23 6
622 622 54 45 25 10
622 622 57 40 23 7
622 623 57 33 21 2
623 623 63 33 23 11
623 623 51 40 16 1
623 623 57 36 16 14
623 623 49 44 24 2
623 623 48 41 23 14
623 623 60 41 17 2
623 623 56 39 28 12
623 623 54 41 25 2
623 623 58 41 30 0
623 623 55 42 19 2
623 623 61 38 30 4
623 623 52 47 28 9
623 623 57 47 30 13
623 623 58 41 19 7
623 623 56 32 29 14
623 625 57 40 19 11
625 625 60 38 20 6
625 625 48 35 22 3
625 625 61 46 23 15
625 625 54 32 31 12
625 625 58 35 30 0
625 625 25 15 56 47
625 625 23 5 53 38
625 625 21 2 54 34
625 625 26 0 51 32
626 626 48 43 30 14
626 626 56 41 16 5
626 627 56 37 31 2
627 627 57 38 19 5
627 627 51 32 16 13
627 628 54 44 24 12
628 628 50 40 29 3
628 628 60 32 30 1
628 628 61 33 28 15
628 628 59 42 29 2
628 628 54 32 20 1
628 628 62 42 18 7
628 628 48 37 18 14
628 628 57 45 16 9
628 628 56 35 16 2
628 628 50 35 25 9
628 628 52 44 23 7
628 628 54 44 17 15
628 628 57 34 27 4
628 628 58 35 28 0
628 628 62 42 29 5
628 628 59 37 25 13
628 628 53 45 31 13
628 628 49 33 20 3
628 628 50 35 21 2
628 628 56 40 18 1
628 629 58 41 31 12
629 629 55 34 28 9
629 629 58 45 25 7
629 629 62 40 23 2
629 629 48 42 22 4
629 629 61 34 16 2
629 629 61 33 25 0
629 630 48 39 29 3
630 630 56 38 28 6
630 630 48 38 27 13
630 631 23 13 58 41
631 631 31 14 50 33
631 631 20 13 53 39
631 631 18 4 55 43
631 631 56 40 24 14
631 631 55 40 16 9
631 631 49 44 17 11
631 631 53 46 28 7
631 631 53 44 26 10
631 632 48 45 20 11
632 633 56 44 23 2
633 633 51 39 25 8
633 633 50 40 29 1
633 633 57 34 20 7
633 633 48 37 27 8
633 633 63 35 29 11
633 633 60 40 25 15
633 633 50 35 20 6
633 633 61 32 23 10
633 633 59 33 24 6
633 633 53 33 17 2
633 633 53 34 16 9
633 633 54 34 28 5
633 633 63 34 26 1
633 633 49 36 27 4
633 633 61 46 22 14
633 633 58 43 30 15
633 633 49 41 16 9
633 633 63 39 22 11
633 633 56 40 19 13
633 633 55 36 20 13
633 633 57 36 21 13
633 634 58 45 18 0
634 634 63 34 27 2
634 636 59 36 17 5
636 636 60 32 31 0
636 636 53 36 17 11
636 636 58 37 17 8
636 636 61 41 27 15
636 636 59 38 25 11
636 636 19 5 51 37
636 636 25 15 54 47
636 636 18 5 52 38
636 636 25 6 60 34
637 637 62 34 20 1
637 637 57 43 29 5
637 638 55 39 16 5
638 638 58 35 26 5
638 638 48 43 21 7
638 638 60 38 29 10
638 638 61 36 30 3
638 638 61 43 23 11
638 638 52 34 25 2
638 638 53 34 24 0
638 638 54 33 16 0
638 638 49 43 30 15
638 638 49 46 23 13
638 638 56 35 21 2
638 638 55 33 18 12
638 638 55 40 17 5
638 638 57 41 17 11
638 638 58 41 31 7
638 638 56 32 25 7
638 638 54 41 18 15
638 639 62 37 25 7
639 640 60 47 23 1
640 641 62 37 21 2
641 641 59 33 24 14
641 641 55 44 20 0
641 641 60 45 22 5
641 641 62 40 16 0
641 641 61 40 26 8
641 641 58 43 26 9
641 641 57 45 16 8
641 641 63 32 18 13
641 641 48 41 30 3
641 641 52 46 17 5
641 641 52 32 26 7
641 642 59 38 27 9
642 643 48 37 19 2
643 643 24 1 60 38
643 643 31 14 62 36
643 643 18 4 61 37
643 643 17 8 58 39
643 645 54 38 20 10
645 645 57 44 27 5
645 645 63 41 19 5
645 645 50 46 19 2
645 645 55 37 25 9
645 645 57 38 25 6
645 645 51 42 23 2
645 645 50 46 19 0
645 645 55 43 27 4
645 645 53 42 18 0
645 646 49 41 29 1
646 646 55 39 23 13
646 646 55 43 28 3
646 646 62 47 31 6
646 646 61 43 27 6
646 646 61 41 21 12
646 646 61 39 19 11
646 646 49 46 31 8
646 646 52 40 18 0
646 646 49 32 28 6
646 646 52 40 16 4
646 646 57 43 30 5
646 646 54 37 22 2
646 646 55 41 29 15
646 646 52 44 23 6
646 646 54 40 16 7
646 646 58 44 17 15
646 646 56 47 16 6
646 646 51 47 31 6
646 647 60 38 27 1
647 647 55 33 21 8
647 647 50 40 26 12
647 647 57 46 28 5
647 647 54 35 23 15
647 647 53 36 20 5
647 647 55 43 25 13
647 648 17 6 51 41
648 648 16 5 57 42
648 648 20 10 57 41
648 648 29 1 61 33
648 648 56 44 22 15
648 648 60 43 24 8
648 648 52 46 26 6
648 648 49 36 29 9
648 648 56 33 30 12
648 649 62 40 26 13
649 649 51 40 19 9
649 649 54 44 27 11
649 649 61 37 26 0
649 649 63 40 23 11
649 649 61 45 23 0
649 649 54 46 21 8
649 649 48 43 26 1
649 649 58 37 21 4
649 649 50 35 31 11
649 649 59 35 21 10
649 649 60 37 27 12
649 649 53 43 19 9
649 649 63 43 18 11
649 649 48 42 31 12
649 650 50 41 25 15
650 650 56 46 20 10
650 650 53 37 17 9
650 650 63 41 20 2
650 650 62 40 30 6
650 650 62 33 24 8
650 650 55 45 31 11
650 650 51 35 23 8
650 650 57 45 29 11
650 650 58 41 30 10
650 650 57 43 18 13
650 650 48 34 18 14
650 650 58 42 24 1
650 650 60 47 19 2
650 650 57 34 19 15
650 650 57 41 23 9
650 650 18 14 49 33
650 650 24 9 51 37
650 650 28 9 51 43
650 651 23 9 57 35
651 651 55 37 20 3
651 651 63 40 20 6
651 651 56 42 23 2
651 651 52 40 24 0
651 651 58 43 25 12
651 651 63 37 19 3
651 651 59 47 20 11
651 651 58 38 21 1
651 652 53 38 31 15
652 652 54 32 23 15
652 652 63 46 28 12
652 652 48 46 26 5
652 652 58 35 31 6
652 652 48 37 19 3
652 652 57 40 19 6
652 652 53 43 17 7
652 652 62 34 23 7
652 653 58 33 25 2
653 653 56 42 17 1
653 653 52 36 16 13
653 653 50 44 25 4
653 653 53 39 24 9
653 653 54 32 28 8
653 653 50 43 28 5
653 653 56 44 20 13
653 653 52 46 31 14
653 653 52 42 31 3
653 653 50 32 17 9
653 653 63 32 29 5
653 653 48 40 29 4
653 653 50 36 31 11
653 653 61 38 29 3
653 653 56 34 16 0
653 653 49 34 16 11
653 653 58 38 26 10
653 653 61 36 20 2
653 653 25 12 51 46
653 653 24 14 55 45
653 655 19 3 50 44
655 656 27 14 60 33
656 656 56 46 19 12
656 656 61 34 21 8
656 656 51 47 20 11
656 656 57 35 23 14
656 656 55 46 22 6
656 657 58 32 27 14
657 657 61 38 27 8
657 657 59 45 22 2
657 657 48 39 29 13
657 657 48 34 29 15
657 657 60 32 26 7
657 657 63 35 30 15
657 657 48 41 30 0
657 657 59 39 24 1
657 657 49 43 17 4
657 657 55 40 23 6
657 658 54 47 30 2
658 658 62 33 26 5
658 658 61 47 31 15
658 658 54 47 30 5
658 658 49 43 23 9
658 658 59 40 16 12
658 658 61 37 23 12
658 658 63 42 24 5
658 658 57 35 26 4
658 658 48 43 26 5
658 658 61 45 22 6
658 658 62 41 31 8
658 658 55 35 24 8
658 658 57 33 22 14
658 658 62 36 24 7
658 658 53 39 27 7
658 658 62 40 20 3
658 658 52 34 24 4
658 658 49 39 31 7
658 658 55 47 29 4
658 658 24 9 55 40
658 658 20 14 50 36
658 659 23 3 48 34
659 659 23 9 56 35
659 661 52 38 18 2
661 661 57 46 28 4
661 661 59 38 19 13
661 661 56 44 21 5
661 661 49 41 16 8
661 661 61 38 22 4
661 661 49 37 21 0
661 661 49 45 30 0
661 661 60 35 20 15
661 662 52 37 25 8
662 662 62 34 24 8
662 662 61 47 24 8
662 662 53 38 31 7
662 662 60 32 18 7
662 662 60 36 20 8
662 662 48 39 21 6
662 662 54 35 19 14
662 662 60 47 29 1
662 662 53 47 17 12
662 662 56 35 18 12
662 663 55 45 21 12
663 663 48 45 29 5
663 663 57 41 18 3
663 663 57 38 19 5
663 663 50 37 20 1
663 663 58 42 16 14
663 663 58 38 26 0
663 663 58 45 18 5
663 663 63 35 21 5
663 663 59 40 31 8
663 663 48 47 30 0
663 663 48 46 17 15
663 663 50 32 29 11
663 663 56 33 21 5
663 663 50 44 25 2
663 663 48 46 25 12
663 663 27 9 52 43
663 663 31 12 59 38
663 663 20 6 48 47
663 664 27 14 60 39
664 664 56 44 18 11
664 664 58 45 23 12
664 664 54 42 25 0
664 664 61 41 24 13
664 664 60 35 25 1
664 664 50 33 25 2
664 664 53 36 17 13
664 664 57 40 28 1
664 664 63 37 17 5
664 664 60 43 31 10
664 664 54 34 30 9
664 664 53 38 19 5
664 664 53 35 16 10
664 664 58 43 28 3
664 664 60 36 17 13
664 664 57 45 16 12
664 664 59 42 16 15
664 665 48 37 23 14
665 665 59 35 24 11
665 665 57 37 20 10
665 665 56 45 19 15
665 665 60 33 18 0
665 665 54 44 24 1
665 665 49 39 17 8
665 665 49 33 23 4
665 665 50 34 25 2
665 665 49 40 18 5
665 665 60 32 16 13
665 665 55 40 26 15
665 665 50 33 26 6
665 665 51 46 22 8
665 665 55 42 16 13
665 666 56 34 26 13
666 666 52 40 20 12
666 666 59 40 25 15
666 666 63 41 28 8
666 666 25 13 54 36
666 666 27 0 59 45
666 666 22 14 49 36
666 666 20 6 51 40
667 667 57 33 28 7
667 667 59 39 24 2
667 667 55 35 24 4
667 667 49 40 21 4
667 667 62 45 22 13
667 667 50 34 28 7
667 667 52 40 17 14
667 667 53 37 17 4
667 667 59 45 30 0
667 667 52 45 23 8
667 667 57 47 27 7
667 668 52 40 25 10
668 668 57 32 21 7
668 668 61 34 30 14
668 668 54 36 16 3
668 668 60 34 17 11
668 668 54 47 27 6
668 668 59 39 19 3
668 668 49 45 19 4
668 668 53 37 27 2
668 668 54 33 18 7
668 668 60 45 29 14
668 668 56 41 30 6
668 668 57 32 30 5
668 668 61 43 29 5
668 668 48 43 28 11
668 668 63 45 30 15
668 668 50 35 17 3
668 669 55 44 22 3
669 669 57 45 28 10
669 669 61 32 21 11
669 669 48 36 28 2
669 669 58 36 21 1
669 669 56 33 25 9
669 669 63 34 30 0
669 669 63 46 16 10
669 670 29 2 52 42
670 670 24 4 48 36
670 670 22 13 55 37
670 670 19 14 61 34
670 671 59 36 17 0
671 671 55 34 17 3
671 671 62 33 26 13
671 671 63 42 24 3
671 671 63 41 23 3
671 671 59 38 18 12
671 671 55 39 25 3
671 671 51 39 18 4
671 671 51 46 26 13
671 671 49 39 28 12
671 671 50 45 16 15
671 671 52 36 17 8
671 671 55 40 30 1
671 671 56 34 27 10
671 671 63 39 29 8
671 671 52 45 24 7
671 671 58 32 23 1
671 672 53 34 22 9
672 672 58 46 28 12
672 672 48 32 26 14
672 672 63 36 16 1
672 672 50 45 27 3
672 672 49 45 25 9
672 672 58 41 31 6
672 673 55 41 25 0
673 673 62 33 16 7
673 673 48 36 31 10
673 673 52 38 18 8
673 673 62 45 29 11
673 673 54 47 31 7
673 673 54 32 28 15
673 673 51 47 18 5
673 673 51 35 18 3
673 673 54 41 17 7
673 673 48 40 19 13
673 673 51 38 27 7
673 673 17 15 49 34
673 673 16 12 54 43
673 673 25 10 51 41
673 673 23 7 49 36
674 674 61 37 28 0
674 674 54 35 28 8
674 674 50 46 17 9
674 674 56 33 18 4
674 675 49 33 19 15
675 675 59 42 25 3
675 675 59 34 25 12
675 675 52 44 25 5
675 675 58 34 21 3
675 675 52 39 23 0
675 675 50 38 17 0
675 675 58 47 19 2
675 675 61 39 23 0
675 675 60 37 30 5
675 675 48 41 28 7
675 675 58 32 28 7
675 676 49 36 19 9
676 676 54 47 16 0
676 676 57 41 26 15
676 676 63 35 27 13
676 676 53 47 16 9
676 676 48 45 19 11
676 676 57 36 29 12
676 676 48 40 25 12
676 676 62 42 30 0
676 676 55 41 24 7
676 676 57 39 22 7
676 676 48 44 17 9
676 676 61 35 25 7
676 676 51 39 16 3
676 676 63 36 17 13
676 676 58 47 28 6
676 676 55 33 20 0
676 676 48 40 22 11
676 676 61 35 29 4
676 676 57 43 18 5
676 676 27 7 63 44
676 678 19 13 59 32
678 678 27 12 63 34
678 678 17 10 56 32
678 678 54 33 17 4
678 678 63 41 24 15
678 678 55 46 16 3
678 678 59 45 17 14
678 678 50 33 30 15
678 679 49 34 26 10
679 679 57 45 28 0
679 679 55 39 19 12
679 679 57 45 27 5
679 679 62 45 17 6
679 679 53 47 22 10
679 679 57 37 31 9
679 679 49 43 18 8
679 679 48 40 29 13
679 679 58 46 20 13
679 679 59 33 31 7
679 679 60 32 31 11
679 679 53 36 21 1
679 679 61 46 18 6
679 679 54 32 25 14
679 679 61 42 30 11
679 679 57 42 26 15
679 679 62 32 30 10
679 679 62 38 18 1
679 679 56 33 30 10
679 679 59 46 29 10
679 680 61 32 27 2
680 681 52 34 31 6
681 681 52 46 16 4
681 681 56 40 30 10
681 681 63 34 22 14
681 681 59 42 16 9
681 681 59 37 16 4
681 681 61 38 18 13
681 681 52 36 20 14
681 681 48 46 30 8
681 681 18 14 55 45
681 681 27 10 63 34
681 681 24 4 62 43
681 681 26 4 62 34
682 682 49 34 28 9
682 682 54 38 27 7
682 683 51 45 26 5
683 684 52 41 20 9
684 684 55 32 18 5
684 684 50 46 30 13
684 684 50 42 21 3
684 684 58 33 19 3
684 684 49 42 25 11
684 684 59 35 23 15
684 684 48 38 19 3
684 684 59 33 19 14
684 684 61 45 25 5
684 684 62 38 21 4
684 684 50 42 17 10
684 684 62 45 24 6
684 684 63 37 30 12
684 684 53 47 17 4
684 685 58 43 25 12
685 685 56 47 29 11
685 685 49 41 24 12
685 685 50 35 27 8
685 685 55 36 18 15
685 686 52 41 17 6
686 686 50 39 19 6
686 686 63 33 30 14
686 686 49 47 26 12
686 686 56 47 24 4
686 686 51 37 27 13
686 686 60 36 25 14
686 686 52 33 18 4
686 686 55 44 18 2
686 687 54 33 30 6
687 687 49 42 19 14
687 687 53 39 22 5
687 687 57 37 23 7
687 687 28 9 57 38
687 687 28 3 63 32
687 687 31 4 57 38
687 687 28 7 49 37
688 688 50 44 28 5
688 688 57 46 21 5
688 688 63 40 29 9
688 688 48 44 22 9
688 688 49 46 29 0
688 688 56 33 21 1
688 688 56 39 31 6
688 688 54 39 20 7
688 688 51 44 31 6
688 688 59 36 24 15
688 688 50 42 21 9
688 688 53 44 29 15
688 688 61 39 25 12
688 689 56 47 23 11
689 689 53 34 19 14
689 689 62 32 18 15
689 690 48 40 20 7
690 690 53 36 19 7
690 690 55 37 26 13
690 690 57 45 23 5
690 690 58 45 18 2
690 690 58 37 24 15
690 690 49 44 25 9
690 690 57 34 30 12
690 690 62 39 30 10
690 690 63 45 23 2
690 690 55 45 25 3
690 690 57 40 28 6
690 690 63 46 31 10
690 690 58 40 16 2
690 690 49 32 16 2
690 690 55 39 28 1
690 690 63 38 17 6
690 691 61 41 29 7
691 691 58 35 18 1
691 691 55 32 22 3
691 691 21 7 49 37
691 691 27 2 60 45
691 691 20 4 51 34
691 691 22 15 52 36
691 691 53 40 22 2
691 691 63 36 20 7
691 691 57 44 20 8
691 691 52 37 21 3
691 691 60 45 18 15
691 691 54 37 23 15
691 691 55 32 20 14
691 691 52 34 23 2
691 692 55 33 23 7
692 692 51 34 30 1
692 692 63 47 29 3
692 692 49 34 17 2
692 692 48 32 21 0
692 692 62 43 26 2
692 692 54 33 27 13
692 692 60 44 23 4
692 692 57 44 19 0
692 693 61 46 26 11
693 693 61 38 27 0
693 693 54 33 22 12
693 693 54 38 26 9
693 693 59 36 20 0
693 693 57 40 24 5
693 693 60 32 29 6
693 693 60 41 17 10
693 693 48 36 16 10
693 693 48 38 28 3
693 693 61 38 23 11
693 693 51 45 24 9
693 693 58 34 29 2
693 693 63 47 26 0
693 693 59 34 19 9
693 693 61 41 16 5
693 693 59 40 20 13
693 693 52 42 30 8
693 693 52 37 26 5
693 694 16 0 57 44
694 694 27 10 50 43
694 694 21 8 57 45
694 694 16 4 59 42
694 695 60 35 28 9
695 695 55 46 31 9
695 695 56 36 21 9
695 695 61 32 19 7
695 695 62 46 31 4
695 695 58 33 30 2
695 695 58 32 22 13
695 695 59 43 16 6
695 695 56 34 30 13
695 695 54 34 24 3
695 695 63 33 17 4
695 695 54 45 31 14
695 695 60 39 28 6
695 695 48 35 30 13
695 695 53 37 21 14
695 695 62 36 16 8
695 695 50 38 26 14
695 695 59 40 19 8
695 695 49 34 30 3
695 695 63 42 22 2
695 695 63 38 23 2
695 695 60 47 30 8
695 695 50 36 30 15
695 695 58 44 22 12
695 695 58 39 18 7
695 696 56 46 20 11
696 696 63 39 16 7
696 696 53 38 26 6
696 696 60 40 28 9
696 696 62 38 25 15
696 696 53 46 29 0
696 696 49 41 25 2
696 696 51 41 29 9
696 696 57 32 19 0
696 696 55 44 19 7
696 696 54 33 16 14
696 696 21 4 58 32
696 696 28 13 50 34
696 696 17 15 52 38
696 696 25 11 53 41
697 697 59 39 18 5
697 698 54 46 23 6
698 698 48 33 27 12
698 698 60 37 20 3
698 698 59 44 25 5
698 698 55 36 16 9
698 698 54 44 30 13
698 698 56 35 17 3
698 698 53 38 30 6
698 698 58 36 21 10
698 698 62 41 29 14
698 698 53 32 24 13
698 698 62 41 21 0
698 698 50 41 19 3
698 698 49 37 27 3
698 698 58 35 22 2
698 698 59 35 20 12
698 698 53 46 28 5
698 698 51 46 25 3
698 698 60 40 23 12
698 698 61 32 27 8
698 698 53 45 18 14
698 698 60 36 26 7
698 698 60 39 16 4
698 698 53 41 21 15
698 698 60 47 25 7
698 698 55 36 19 2
698 698 55 47 30 4
698 698 50 35 25 15
698 698 59 41 27 13
698 698 50 34 26 15
698 698 56 34 31 5
698 698 61 42 28 3
698 698 53 39 29 13
698 698 55 47 30 5
698 698 54 36 21 7
698 698 18 0 61 35
698 698 30 7 59 39
698 699 29 8 50 47
699 699 23 10 59 36
699 700 51 35 29 13
700 700 56 46 23 15
700 700 60 41 30 10
700 700 53 36 18 7
700 700 56 40 23 6
700 700 54 32 16 2
700 700 62 45 29 6
700 700 55 33 16 7
700 700 56 33 17 4
700 700 48 33 19 7
700 700 48 46 25 6
700 700 62 39 29 14
700 701 54 44 19 13
701 701 63 47 29 5
701 701 59 41 26 10
701 701 62 43 25 4
701 701 48 33 24 1
701 701 61 39 31 4
701 701 48 44 26 15
701 701 52 46 26 0
701 701 61 44 17 5
701 701 49 41 20 9
701 701 53 39 24 0
701 701 57 35 20 5
701 702 55 35 28 3
702 702 58 32 30 13
702 702 60 43 16 6
702 702 63 42 29 12
702 702 52 34 23 3
702 702 63 41 31 8
702 703 53 39 28 5
703 703 63 45 25 14
703 703 48 38 18 0
703 703 55 46 22 2
703 703 53 47 27 2
703 703 58 37 19 15
703 704 18 13 56 47
704 704 30 14 63 44
704 704 25 2 59 32
704 704 25 8 51 38
704 705 57 37 20 3
705 705 55 45 16 11
705 705 48 36 29 14
705 705 49 32 20 10
705 705 61 42 26 9
705 705 57 42 16 15
705 705 61 35 30 0
705 705 60 42 31 7
705 705 61 36 26 3
705 705 51 42 26 12
705 705 58 43 16 6
705 705 54 47 19 10
705 705 60 35 16 10
705 705 48 38 29 15
705 705 63 45 17 13
705 705 52 35 18 8
705 705 51 43 22 1
705 705 58 36 29 5
705 705 53 35 24 13
705 705 48 36 21 6
705 705 54 35 23 15
705 705 55 32 16 9
705 705 55 33 20 11
705 705 50 37 22 9
705 705 52 32 19 11
705 706 50 44 25 4
706 706 55 40 16 5
706 706 51 36 23 13
706 706 54 40 23 12
706 706 61 46 23 2
706 706 54 43 20 12
706 706 49 43 17 8
706 706 62 35 20 11
706 706 58 38 29 3
706 706 63 34 30 10
706 706 51 47 30 0
706 708 18 9 60 35
708 708 20 7 50 43
708 708 23 8 50 35
708 708 17 6 56 47
709 709 59 44 23 13
709 709 52 41 19 13
709 710 48 35 26 1
710 710 59 47 19 13
710 712 56 39 19 12
712 712 59 39 23 1
712 712 49 34 18 14
712 712 63 46 26 2
712 713 54 32 16 7
713 713 62 36 27 4
713 713 48 42 26 12
713 713 59 47 28 0
713 713 52 37 22 9
713 713 59 39 31 6
713 713 52 47 30 10
713 713 48 43 23 0
713 713 49 35 17 9
713 713 52 40 29 8
713 713 49 35 22 2
713 713 48 33 31 5
713 713 50 41 21 15
713 713 61 35 24 12
713 713 51 32 27 1
713 713 63 41 20 12
713 713 56 42 31 15
713 714 57 41 22 0
714 714 60 44 25 5
714 714 58 42 16 10
714 714 57 34 25 1
714 714 59 39 17 7
714 714 62 34 20 1
714 714 54 40 23 13
714 714 55 42 25 6
714 714 58 32 23 3
714 714 62 46 23 7
714 714 55 45 18 7
714 714 18 4 58 40
714 715 20 8 50 33
715 715 29 15 63 42
715 715 17 5 62 39
715 716 61 43 20 7
716 716 48 38 27 13
716 716 55 39 17 7
716 716 50 36 16 1
716 716 53 43 28 3
716 716 54 34 20 1
716 716 54 34 21 5
716 716 57 33 25 10
716 716 51 32 27 15
716 716 50 33 27 1
716 716 51 32 30 4
716 716 49 42 21 7
716 716 52 32 16 1
716 716 51 33 23 4
716 716 51 43 16 15
716 716 52 41 24 10
716 716 50 39 19 10
716 716 61 46 31 3
716 716 56 44 19 15
716 716 62 37 20 1
716 716 52 43 18 15
716 716 53 36 24 15
716 716 55 37 31 10
716 716 58 41 22 10
716 716 48 43 19 5
716 716 63 37 28 1
716 716 55 44 29 11
716 716 48 39 18 1
716 716 55 46 17 0
716 716 53 37 25 14
716 716 50 46 23 10
716 716 52 37 31 15
716 716 53 36 29 3
716 716 60 46 21 0
716 716 54 36 18 8
716 716 54 35 24 1
716 716 29 0 59 39
716 716 18 14 52 34
716 717 25 0 63 34
717 717 17 10 58 45
717 717 57 38 20 5
717 717 62 41 16 8
717 718 54 37 21 1
718 718 61 40 25 15
718 718 62 45 20 5
718 718 55 39 16 14
718 718 61 43 18 7
718 718 49 34 19 8
718 718 57 45 22 2
718 718 48 38 30 4
718 718 54 37 20 15
718 718 62 41 28 13
718 718 59 42 26 7
718 718 55 32 27 7
718 718 51 41 29 4
718 718 62 46 22 11
718 718 53 41 20 4
718 718 56 36 16 9
718 718 51 42 20 10
718 718 58 35 17 4
718 718 49 43 17 2
718 718 51 38 28 2
718 718 54 45 28 14
718 718 51 32 23 1
718 718 58 42 31 8
718 718 51 45 17 0
718 719 50 36 21 3
719 720 62 32 22 2
720 720 59 36 17 6
720 720 62 38 31 8
720 720 55 45 17 0
720 720 62 40 23 3
720 720 51 36 25 9
720 720 51 44 25 3
720 720 50 32 22 5
720 720 62 41 17 4
720 721 31 10 58 35
721 721 25 12 50 39
721 721 31 12 48 39
721 721 31 4 49 46
721 721 53 37 19 13
721 721 57 36 21 1
721 721 62 38 22 6
721 721 60 41 28 8
721 721 59 32 16 5
721 721 54 41 21 7
721 721 50 38 21 9
721 721 60 38 23 3
721 721 58 43 22 3
721 722 59 33 29 7
722 722 59 38 23 7
722 722 61 40 22 7
722 722 50 43 30 6
722 722 49 39 25 9
722 722 53 43 17 0
722 722 57 37 16 7
722 723 54 33 25 1
723 723 54 47 21 14
723 723 60 34 29 6
723 723 51 45 17 15
723 723 55 40 28 10
723 723 51 35 28 5
723 723 48 33 24 12
723 723 52 42 16 3
723 723 60 45 21 8
723 723 48 36 20 15
723 723 57 36 23 15
723 723 62 43 22 6
723 723 59 47 24 13
723 723 57 47 19 13
723 724 48 38 17 4
724 724 51 43 26 1
724 724 50 40 22 5
724 724 58 42 23 9
724 724 55 38 30 2
724 725 60 41 25 3
725 725 19 8 58 38
725 725 20 0 51 45
725 725 27 3 57 35
725 725 17 3 53 43
725 726 48 40 21 3
726 726 51 38 22 15
726 726 56 47 27 15
726 726 56 34 29 13
726 726 54 35 17 11
726 726 54 41 22 11
726 726 58 46 16 13
726 726 53 34 26 10
726 726 52 44 25 3
726 726 52 32 17 6
726 726 62 45 22 14
726 726 62 34 21 4
726 726 60 37 18 7
726 726 63 35 19 1
726 726 54 41 18 7
726 726 49 43 30 12
726 728 61 44 23 15
728 728 60 40 26 4
728 728 55 34 22 10
728 728 60 37 31 13
728 729 62 40 30 10
729 729 56 45 19 6
729 730 63 34 26 13
730 731 49 33 31 8
731 731 61 32 25 11
731 731 53 39 22 1
731 731 54 47 18 10
731 731 59 47 25 11
731 731 56 38 20 4
731 731 59 36 24 9
731 731 54 35 28 15
731 731 52 33 30 1
731 731 54 33 20 4
731 731 50 35 30 1
731 731 59 37 19 5
731 731 60 43 17 7
731 731 28 15 51 47
731 732 31 0 49 37
732 732 20 13 56 44
732 732 20 2 59 44
732 733 61 33 21 4
733 733 53 37 31 8
733 733 63 40 31 2
733 733 63 47 23 13
733 733 48 39 31 9
733 733 56 36 24 12
733 733 50 37 19 2
733 733 54 33 28 5
733 733 63 45 17 10
733 733 55 41 23 9
733 733 60 40 30 4
733 733 53 43 25 2
733 733 56 43 19 6
733 733 59 40 28 14
733 733 63 32 21 6
733 733 48 35 31 13
733 733 48 37 17 12
733 734 54 41 25 3
734 734 52 33 16 1
734 734 48 45 27 12
734 734 55 34 25 8
734 734 52 40 25 6
734 734 51 37 16 5
734 734 54 47 31 3
734 735 53 32 31 14
735 735 63 37 31 8
735 735 50 43 28 1
735 735 49 43 24 5
735 735 60 37 25 2
735 735 51 32 22 9
735 735 56 46 26 5
735 735 49 35 20 6
735 735 52 43 27 3
735 736 56 47 23 3
736 736 48 44 24 12
736 736 53 32 31 9
736 736 26 8 61 45
736 736 24 0 51 46
736 736 30 8 51 38
736 736 30 8 51 33
736 736 53 32 22 11
736 736 61 41 21 0
736 736 57 33 31 6
736 736 59 38 30 2
736 737 63 44 25 9
737 737 57 38 29 5
737 737 63 44 20 13
737 737 48 33 26 5
737 737 51 46 28 1
737 738 61 41 24 15
738 738 55 43 22 15
738 738 50 42 18 5
738 738 50 44 17 10
738 738 60 42 18 4
738 738 59 36 24 10
738 738 57 38 25 1
738 738 56 47 21 5
738 738 60 32 27 8
738 738 53 41 19 15
738 738 54 44 30 13
738 738 53 35 22 3
738 738 62 33 31 9
738 738 54 35 30 14
738 738 55 40 30 0
738 738 53 32 16 0
738 738 62 40 24 5
738 739 53 36 20 4
739 739 52 42 22 2
739 739 60 38 31 5
739 739 60 45 29 12
739 739 52 44 18 4
739 739 56 42 27 15
739 739 50 42 28 15
739 739 61 37 17 1
739 739 62 41 17 14
739 739 54 38 29 8
739 740 28 2 50 42
740 740 28 15 51 32
740 740 16 15 63 38
740 740 27 2 63 40
740 740 50 41 31 7
740 740 61 46 18 2
740 742 50 40 17 0
742 742 58 36 31 2
742 742 63 32 30 14
742 742 55 46 31 1
742 742 60 33 27 7
742 742 54 44 30 8
742 742 59 41 20 7
742 742 55 35 22 12
742 742 53 42 22 14
742 742 57 44 18 9
742 743 51 37 27 3
743 743 48 47 17 6
743 743 62 36 22 0
743 743 62 43 19 15
743 743 55 37 18 3
743 743 60 33 28 2
743 743 54 37 27 5
743 743 52 33 28 4
743 743 60 42 21 2
743 743 57 47 19 5
743 743 56 44 16 6
743 743 57 33 21 8
743 743 57 33 27 13
743 744 52 35 31 0
744 745 54 47 23 13
745 746 56 36 18 10
746 746 48 47 31 7
746 746 54 41 19 8
746 746 48 38 22 7
746 746 61 38 24 0
746 746 54 45 25 7
746 746 56 32 30 3
746 746 57 41 18 1
746 746 59 36 28 7
746 746 26 4 48 37
746 746 18 4 54 41
746 746 30 12 63 37
746 746 28 7 56 36
747 747 48 34 20 9
747 747 50 37 24 13
747 748 59 35 20 11
748 748 58 45 16 9
748 748 48 47 20 12
748 748 52 35 20 6
748 748 61 34 27 12
748 748 60 45 21 13
748 748 48 38 17 5
748 748 58 33 23 5
748 748 50 38 27 2
748 748 53 46 31 13
748 748 49 42 27 14
748 748 48 46 31 1
748 748 58 37 21 5
748 748 59 32 17 15
748 748 63 45 28 9
748 748 55 46 17 10
748 748 50 47 22 11
748 748 54 42 31 8
748 748 62 43 23 6
748 750 55 41 24 14
750 751 59 41 29 0
751 751 55 32 24 9
751 752 49 40 21 7
752 752 56 46 20 12
752 752 56 46 16 1
752 752 54 36 17 3
752 752 48 40 16 14
752 752 56 35 18 13
752 752 48 46 30 6
752 752 63 47 22 9
752 753 55 39 19 6
753 753 52 38 22 15
753 753 57 47 31 12
753 753 49 41 30 15
753 754 17 5 60 35
754 755 23 1 63 41
755 755 19 13 55 32
755 755 29 4 57 40
756 756 63 45 28 6
756 756 59 40 29 13
756 756 52 34 25 13
756 756 59 37 20 11
756 756 59 41 20 13
756 756 52 41 31 10
756 756 57 32 24 7
756 756 55 43 23 4
756 756 48 35 28 13
756 756 55 47 28 8
756 757 54 35 20 1
757 757 62 35 22 0
757 757 56 44 25 1
757 757 60 37 24 2
757 757 63 45 22 10
757 757 63 37 17 4
757 757 53 35 22 14
757 757 49 36 24 14
757 757 54 46 28 5
757 758 49 32 28 10
758 758 59 34 17 10
758 758 48 44 23 5
758 758 55 43 23 2
758 758 62 36 20 11
758 758 63 37 21 9
758 758 56 37 19 11
758 758 60 44 19 14
758 758 54 34 17 4
758 758 56 46 16 6
758 758 63 36 17 10
758 758 54 32 28 10
758 758 59 45 17 11
758 758 61 46 28 2
758 758 59 40 24 14
758 758 61 32 17 11
758 758 54 42 30 6
758 758 20 8 53 37
758 759 29 13 51 39
759 759 25 3 56 46
759 759 23 0 58 41
759 760 56 32 21 1
760 761 50 39 28 4
761 761 54 32 20 14
761 761 63 38 31 10
761 761 56 32 18 9
761 761 49 37 22 12
761 761 48 47 26 7
761 761 55 42 30 9
761 761 63 44 26 15
761 761 60 44 30 15
761 761 59 33 27 4
761 761 61 45 31 13
761 761 54 47 20 7
761 762 50 41 17 2
762 762 62 32 30 3
762 762 57 36 18 6
762 762 59 32 25 13
762 762 48 45 31 5
762 762 62 33 27 11
762 762 50 47 21 13
762 763 59 47 26 7
763 763 56 46 30 0
763 763 50 42 27 14
763 763 53 39 28 0
763 763 55 38 19 0
763 763 59 44 16 15
763 763 50 33 31 8
763 763 54 37 22 3
763 763 48 33 26 2
763 763 50 40 31 8
763 763 61 34 24 4
763 763 61 46 18 12
763 763 63 33 16 3
763 763 63 33 28 8
763 763 54 32 20 12
763 763 61 47 22 3
763 765 16 15 50 37
765 765 28 8 59 33
765 765 22 8 62 33
765 765 21 4 49 37
765 766 51 38 29 8
766 766 48 47 19 4
766 766 48 41 21 0
766 766 56 45 31 3
766 766 59 41 18 10
766 766 48 42 29 12
766 766 48 47 22 14
766 766 51 47 19 7
766 766 62 40 27 7
766 766 58 32 19 12
766 766 49 45 27 11
766 766 53 33 17 14
766 766 49 47 27 9
766 766 50 40 18 15
766 766 61 34 23 10
766 766 61 41 28 0
766 766 50 43 21 6
766 766 58 45 16 5
766 766 63 38 21 8
766 766 56 38 16 11
766 767 55 36 29 6
767 767 51 40 23 11
767 767 56 37 28 12
767 767 56 39 23 12
767 767 62 39 24 9
767 767 61 40 16 8
767 767 58 45 27 15
767 767 62 35 29 2
767 767 61 46 27 7
767 767 48 39 28 9
767 768 52 41 17 14
768 768 58 41 16 4
768 768 53 34 25 11
768 768 54 34 23 12
768 768 55 42 26 10
768 768 62 37 25 3
768 768 16 10 52 43
768 768 30 1 58 41
768 768 23 6 48 32
768 768 17 13 61 38
769 769 58 32 19 10
769 769 51 45 29 15
769 769 60 44 27 1
769 769 62 46 24 6
769 769 48 46 22 11
769 769 63 34 22 4
769 771 61 37 26 5
771 771 60 42 26 1
771 771 56 32 29 5
771 771 62 32 27 8
771 771 49 33 23 2
771 771 50 35 16 5
771 772 51 35 22 7
772 772 59 36 31 2
772 772 53 35 21 11
772 772 60 36 29 15
772 772 53 40 18 9
772 772 53 32 19 4
772 772 54 36 17 15
772 772 63 39 21 0
772 772 52 39 29 10
772 772 61 35 24 2
772 772 55 38 27 9
772 772 53 38 28 3
772 772 54 34 22 6
772 772 52 33 20 15
772 773 63 32 25 8
773 773 51 37 17 9
773 773 49 41 17 3
773 773 50 38 31 3
773 773 51 41 20 10
773 773 61 35 17 15
773 773 54 45 26 1
773 773 53 43 29 5
773 773 58 41 30 10
773 773 61 46 16 1
773 773 22 10 63 46
773 773 27 15 54 33
773 773 26 0 62 40
773 773 22 10 50 36
774 774 51 38 21 11
774 775 53 44 24 8
775 775 52 36 24 3
775 775 55 39 31 13
775 775 52 40 31 10
775 775 59 45 21 5
775 775 51 34 23 5
775 775 50 43 21 8
775 775 57 35 17 3
775 776 63 42 29 12
776 776 61 37 31 1
776 776 52 34 16 7
776 776 56 42 26 12
776 776 57 35 25 2
776 776 52 36 28 8
776 776 49 45 26 8
776 776 56 34 31 7
776 776 62 41 31 12
776 776 55 45 22 8
776 776 50 36 27 7
776 778 48 40 22 15
778 778 48 34 23 14
778 778 49 42 24 15
778 778 53 35 31 15
778 778 49 44 19 4
778 778 57 42 21 5
778 778 60 36 25 0
778 778 50 34 19 15
778 778 61 33 28 6
778 778 61 42 20 15
778 778 63 43 16 1
778 778 55 47 20 13
778 778 48 32 21 0
778 778 54 45 17 8
778 778 51 38 27 12
778 778 51 38 24 14
778 778 29 0 63 43
778 778 18 3 54 38
778 779 31 4 52 40
779 780 18 1 57 40
780 780 51 46 31 9
780 780 54 46 28 1
780 780 61 46 16 15
780 780 62 32 23 12
780 780 59 34 31 14
780 781 58 32 18 8
781 781 55 39 25 10
781 781 56 40 31 10
781 781 58 35 28 7
781 781 60 46 24 0
781 781 49 44 26 8
781 781 60 39 30 4
781 781 55 38 20 0
781 781 62 40 25 6
781 781 49 37 20 13
781 781 49 36 30 12
781 781 63 33 22 4
781 781 52 37 18 2
781 781 48 45 16 10
781 781 57 41 19 3
781 781 48 46 27 15
781 781 57 38 23 15
781 781 56 38 27 14
781 781 57 47 22 9
781 781 52 47 22 5
781 782 51 32 20 11
782 782 51 44 18 1
782 782 58 37 30 9
782 782 62 35 20 11
782 782 50 43 18 5
782 782 55 39 29 2
782 782 62 33 31 5
782 783 55 39 19 7
783 783 60 45 25 13
783 783 53 35 25 5
783 783 62 36 17 14
783 783 17 8 51 40
783 783 27 4 49 41
783 783 25 3 59 40
783 783 17 12 55 39
783 783 55 34 16 14
783 783 63 46 17 0
783 783 58 37 17 2
783 783 59 39 24 5
783 784 56 46 18 15
784 785 48 42 24 8
785 786 51 40 19 0
786 786 54 46 22 3
786 786 54 38 27 8
786 786 57 44 30 15
786 786 57 37 25 4
786 786 56 47 28 0
786 786 56 45 30 2
786 786 60 42 22 0
786 786 52 43 19 10
786 786 50 32 30 1
786 786 49 35 29 9
786 787 62 40 21 14
787 787 48 42 19 0
787 787 48 45 17 5
787 788 57 37 25 9
788 788 56 35 24 11
788 788 59 41 20 0
788 788 55 37 27 7
788 788 48 37 23 10
788 788 62 32 17 14
788 788 58 41 18 7
788 788 63 33 20 11
788 788 56 46 27 8
788 788 60 44 23 15
788 788 50 46 23 14
788 788 54 39 24 8
788 789 53 44 29 8
789 789 56 36 16 2
789 789 48 34 30 12
789 789 56 46 21 14
789 789 18 0 58 38
789 790 19 4 59 32
790 790 17 7 55 44
790 790 17 11 51 46
790 790 61 44 16 15
790 790 58 33 18 12
790 791 59 39 17 8
791 791 56 32 31 7
791 791 49 43 24 11
791 791 48 43 18 5
791 791 62 42 30 7
791 791 63 38 20 1
791 791 63 37 25 5
791 791 59 46 21 0
791 791 53 36 23 14
791 791 58 43 21 5
791 791 61 35 27 5
791 791 59 36 28 13
791 791 50 33 31 9
791 791 56 33 16 8
791 791 48 32 19 15
791 791 61 34 30 3
791 791 61 38 16 14
791 791 50 47 18 11
791 792 51 32 29 2
792 793 63 37 30 2
793 793 58 43 21 11
793 793 49 46 20 14
793 793 62 36 28 5
793 793 55 36 20 9
793 793 61 45 22 11
793 793 49 44 22 14
793 793 62 33 21 13
793 793 63 40 21 5
793 793 63 43 17 3
793 793 58 45 22 2
793 793 55 34 24 12
793 793 61 32 27 13
793 793 53 40 29 3
793 793 51 41 17 8
793 794 16 3 59 41
794 795 30 2 53 40
795 795 19 10 49 43
795 795 24 14 56 33
795 796 60 36 28 11
796 796 61 39 30 0
796 796 58 46 18 1
796 796 54 37 26 11
796 796 49 32 31 4
796 796 52 38 31 6
796 796 51 37 24 13
796 796 52 45 30 10
796 796 61 47 23 8
796 796 53 39 20 10
796 796 55 46 27 1
796 796 52 45 17 0
796 796 53 33 29 11
796 796 58 45 19 10
796 796 62 45 29 11
796 796 53 32 30 5
796 796 50 45 20 13
796 796 49 40 21 5
796 796 48 45 25 3
796 796 53 47 20 7
796 796 54 39 21 2
796 796 52 35 24 11
796 796 51 35 29 9
796 796 59 46 16 10
796 797 59 44 22 7
797 797 61 34 27 8
797 798 52 36 19 7
798 798 59 34 26 15
798 798 52 43 27 9
798 798 55 42 29 14
798 798 50 42 27 10
798 798 49 47 28 10
798 798 55 38 23 11
798 798 52 33 16 15
798 798 59 40 21 13
798 798 54 39 21 13
798 798 31 9 53 32
798 799 24 1 63 40
799 799 20 7 54 36
799 799 27 10 55 34
799 800 53 35 27 0
800 801 52 44 17 14
801 801 54 34 20 3
801 801 51 47 23 15
801 801 52 40 29 3
801 801 62 32 27 12
801 801 57 44 30 8
801 801 53 33 28 9
801 801 52 40 20 6
801 801 53 39 29 12
801 801 53 45 27 9
801 801 54 32 22 12
801 801 54 35 29 9
801 801 51 44 18 10
801 802 49 43 18 11
802 803 59 47 27 8
803 803 63 38 27 12
803 803 56 35 29 15
803 803 54 38 28 12
803 803 48 46 17 2
803 803 50 47 31 5
803 803 53 34 29 10
803 803 58 35 29 5
803 803 61 32 27 7
803 803 59 44 22 11
803 803 55 40 29 4
803 803 51 41 28 5
803 803 51 42 18 13
803 803 54 43 27 12
803 803 62 47 22 10
803 803 54 39 18 10
803 803 61 37 20 3
803 803 59 38 29 11
803 804 54 44 24 5
804 804 53 44 27 14
804 804 56 41 22 5
804 805 21 9 55 34
805 805 16 15 55 42
805 805 21 6 51 44
805 805 25 11 59 32
806 806 59 44 29 3
806 806 62 45 31 0
806 806 55 32 19 13
806 806 58 37 20 0
806 806 51 45 23 14
806 806 50 39 17 13
806 806 55 33 28 6
806 806 52 46 29 10
806 807 49 45 24 8
807 807 49 37 22 6
807 807 53 35 19 11
807 807 52 35 24 5
807 807 53 42 26 11
807 807 54 43 21 2
807 807 60 35 24 6
807 807 61 47 16 10
807 808 49 41 22 12
808 808 48 38 19 9
808 808 61 33 31 10
808 808 54 40 25 11
808 808 56 32 27 5
808 808 50 47 17 2
808 809 62 42 24 14
809 809 61 42 31 5
809 809 60 41 30 5
809 809 48 32 29 12
809 809 59 39 31 7
809 809 56 45 17 9
809 809 59 33 31 15
809 809 56 40 28 1
809 809 52 46 16 12
809 810 54 37 21 2
810 810 55 45 25 12
810 810 54 42 24 10
810 810 58 42 19 9
810 810 60 37 28 10
810 811 27 11 52 44
811 811 29 8 50 44
811 811 26 11 60 47
811 811 21 8 63 39
811 811 54 35 28 14
811 811 49 32 25 9
811 812 61 43 29 3
812 813 50 33 21 7
813 813 51 46 16 0
813 813 62 47 26 3
813 813 49 34 17 5
813 813 55 41 17 6
813 813 61 40 21 13
813 813 57 33 25 2
813 814 51 32 19 6
814 815 56 46 25 14
815 815 48 38 26 6
815 815 51 32 27 8
815 815 60 38 19 15
815 815 50 44 22 2
815 815 53 46 30 5
815 815 59 39 20 6
815 815 63 41 21 0
815 815 55 44 29 9
815 815 56 36 27 2
815 815 51 40 26 13
815 815 62 42 19 10
815 815 48 35 20 4
815 815 51 45 30 12
815 815 48 43 25 5
815 815 58 37 18 0
815 815 62 47 27 1
815 815 52 34 28 1
815 815 60 44 24 4
815 815 60 43 18 3
815 815 56 41 19 11
815 817 56 43 31 10
817 817 61 46 26 7
817 817 55 35 22 15
817 817 50 33 31 2
817 818 27 9 60 47
818 818 17 14 58 45
818 818 21 1 61 37
818 818 27 8 53 35
818 818 58 46 20 8
818 818 59 33 28 1
818 818 56 34 25 6
818 818 59 37 21 9
818 818 57 46 25 2
818 818 60 37 20 14
818 818 49 42 16 14
818 818 62 39 28 7
818 818 48 35 26 9
818 818 49 37 26 11
818 818 55 34 30 14
818 818 54 46 16 11
818 818 61 34 31 1
818 819 59 43 21 15
819 819 57 46 16 9
819 819 50 45 27 10
819 819 58 35 16 11
819 819 51 46 17 4
819 820 57 34 22 6
820 820 52 47 31 14
820 820 61 34 24 15
820 820 54 44 31 5
820 820 61 44 21 10
820 820 60 43 27 7
820 820 48 36 29 15
820 820 59 42 29 15
820 820 63 41 22 9
820 820 59 44 29 1
820 820 56 35 24 14
820 821 58 41 20 3
821 822 49 38 21 10
822 823 51 46 26 10
823 823 61 41 16 2
823 823 60 34 31 11
823 823 54 47 19 9
823 823 57 38 30 5
823 823 17 11 49 35
823 823 18 15 59 40
823 823 31 4 60 39
823 823 25 0 52 41
825 826 58 46 30 2
826 826 50 38 31 15
826 826 48 32 18 10
826 826 51 47 21 15
826 826 63 43 18 6
826 826 54 44 26 11
826 826 53 33 16 9
826 826 60 32 20 9
826 826 61 34 24 8
826 826 54 38 24 4
826 826 56 46 23 12
826 826 48 38 22 2
826 826 63 36 25 2
826 827 50 43 25 1
827 827 63 43 27 2
827 827 52 39 17 7
827 827 56 36 22 9
827 828 55 44 18 14
828 828 59 40 19 13
828 828 57 35 23 5
828 828 58 36 28 11
828 828 57 41 20 3
828 828 51 32 27 13
828 828 61 47 31 5
828 828 59 38 23 0
828 828 51 46 22 15
828 828 49 37 22 13
828 828 62 36 23 7
828 828 58 39 19 2
828 828 51 41 23 2
828 828 63 47 28 12
828 828 55 39 31 14
828 828 49 43 28 11
828 828 59 44 19 8
828 828 55 44 29 8
828 828 59 36 17 14
828 828 19 6 50 47
828 829 19 14 62 33
829 829 19 12 50 36
829 829 28 3 49 37
829 830 48 41 23 0
830 830 51 37 16 11
830 830 54 38 17 5
830 830 51 39 18 10
830 830 60 32 17 7
830 830 52 44 21 0
830 830 54 38 31 11
830 830 54 34 21 7
830 831 48 45 30 3
831 831 56 37 28 12
831 831 50 41 23 12
831 831 63 46 28 3
831 831 56 40 23 8
831 831 49 45 24 3
831 831 55 46 23 11
831 831 60 45 23 1
831 831 53 41 21 8
831 831 48 44 28 11
831 831 62 39 20 7
831 831 58 33 17 2
831 831 52 45 20 8
831 831 52 39 28 12
831 832 62 43 19 10
832 832 48 34 30 0
832 832 48 43 23 1
832 832 55 42 27 8
832 832 53 47 26 12
832 832 62 40 18 4
832 833 50 43 24 5
833 833 53 40 31 11
833 833 56 38 27 5
833 833 53 45 18 12
833 833 55 40 31 6
833 833 60 34 29 1
833 833 56 36 17 13
833 833 53 41 16 10
833 833 24 2 54 34
833 833 26 11 55 40
833 834 22 3 61 32
834 834 26 14 58 37
834 834 51 45 16 6
834 834 51 47 30 2
834 836 55 38 16 10
836 836 50 43 29 3
836 836 62 47 27 4
836 836 49 44 31 15
836 836 57 39 26 0
836 836 54 41 18 15
836 836 48 46 17 10
836 836 62 42 24 9
836 836 48 39 26 0
836 836 56 33 20 0
836 836 49 38 28 15
836 836 63 41 17 1
836 836 60 33 29 14
836 836 63 47 30 14
836 836 57 41 21 6
836 836 61 34 31 11
836 836 61 40 17 3
836 836 56 39 18 12
836 836 58 33 19 4
836 838 56 33 26 2
838 838 59 33 19 5
838 838 49 37 24 7
838 838 60 42 20 2
838 838 63 47 28 5
838 838 54 33 22 12
838 838 53 32 25 10
838 838 62 38 19 4
838 838 63 36 18 13
838 838 50 38 21 1
838 838 63 37 31 13
838 838 49 41 30 9
838 838 48 43 24 8
838 838 62 35 17 9
838 838 60 42 30 4
838 839 26 7 58 46
839 840 21 8 57 35
840 840 24 7 52 38
840 840 22 12 50 35
840 841 54 32 18 3
841 841 51 35 26 15
841 841 56 45 27 14
841 841 51 40 26 1
841 841 61 35 25 13
841 841 52 40 23 0
841 841 50 39 18 12
841 841 55 37 20 3
841 841 48 32 17 7
841 841 63 43 20 13
841 841 48 32 19 6
841 841 55 37 18 12
841 841 61 43 17 5
841 841 50 42 24 13
841 841 53 34 27 12
841 841 53 33 23 5
841 841 52 41 23 2
841 841 61 36 25 1
841 841 56 41 31 0
841 842 59 44 17 6
842 842 50 33 31 10
842 843 62 44 28 0
843 843 53 38 30 12
843 843 48 43 31 12
843 843 59 47 24 15
843 843 48 41 30 15
843 843 62 46 22 8
843 843 63 47 16 5
843 844 53 37 29 1
844 844 53 34 28 0
844 844 61 39 23 5
844 844 62 37 24 7
844 844 49 36 31 0
844 844 50 42 18 10
844 844 61 39 24 9
844 845 58 41 16 9
845 845 28 1 62 33
845 845 30 4 57 43
845 845 27 11 59 34
845 845 19 4 54 36
845 845 59 45 27 0
845 846 56 32 29 9
846 846 58 37 16 10
846 846 63 43 27 7
846 846 54 33 19 9
846 846 59 37 16 2
846 846 56 43 20 11
846 846 53 32 30 6
846 846 60 35 31 1
846 846 50 42 31 13
846 846 48 35 25 5
846 846 60 43 16 2
846 846 50 37 25 7
846 846 53 32 17 2
846 846 63 43 30 0
846 846 56 42 24 5
846 846 51 33 27 13
846 846 50 38 17 15
846 846 63 44 30 11
846 846 51 46 19 0
846 846 60 43 21 15
846 846 52 43 22 14
846 846 59 34 19 12
846 846 55 40 27 4
846 846 62 40 28 6
846 846 63 44 16 12
846 846 48 40 16 12
846 846 55 33 26 12
846 846 58 45 19 8
846 846 50 37 26 2
846 846 48 32 16 5
846 846 50 38 28 4
846 846 59 33 27 14
846 846 63 37 24 15
846 846 60 43 22 12
846 846 55 46 26 9
846 848 28 10 63 41
848 848 17 6 63 46
848 848 16 3 62 38
848 848 25 1 52 44
848 848 58 47 21 1
848 848 59 39 24 7
848 848 51 43 16 14
848 848 53 39 27 4
848 848 52 47 22 6
848 848 55 39 18 3
848 848 51 33 21 6
848 848 56 38 28 3
848 849 54 42 30 2
849 849 59 38 18 12
849 849 56 34 23 12
849 849 48 42 21 2
849 850 50 47 16 12
850 851 57 32 31 4
851 851 55 32 19 8
851 851 57 41 22 13
851 851 61 39 31 7
851 851 49 32 25 9
851 851 60 32 25 13
851 851 48 39 23 1
851 852 57 39 29 15
852 852 60 42 20 2
852 852 54 33 29 4
852 852 57 41 19 0
852 852 56 44 18 0
852 852 62 43 30 9
852 852 57 36 21 7
852 852 54 42 23 0
852 853 59 38 20 7
853 853 48 41 19 7
853 853 59 41 23 0
853 853 57 40 22 1
853 853 48 41 21 3
853 853 59 35 23 3
853 853 50 35 29 10
853 853 50 40 18 7
853 853 31 14 50 35
853 853 18 8 49 47
853 853 17 2 62 44
853 853 27 3 61 43
853 853 48 43 24 6
853 853 62 34 31 13
853 853 49 38 23 4
853 853 49 37 21 8
853 854 61 41 26 6
854 854 49 33 30 13
854 854 55 46 29 3
854 854 59 34 25 8
854 854 60 37 18 8
854 854 58 44 28 12
854 854 60 32 23 14
854 854 57 40 24 8
854 854 59 42 30 15
854 854 56 44 19 14
854 855 52 43 24 7
855 855 54 39 26 14
855 855 48 38 16 9
855 855 54 33 30 10
855 855 56 47 25 9
855 855 51 35 20 7
855 855 55 45 25 7
855 855 50 40 25 0
855 856 49 44 19 3
856 856 58 37 25 12
856 856 57 39 26 9
856 856 58 33 21 2
856 856 57 44 16 8
856 856 62 39 25 13
856 856 52 47 26 0
856 856 61 34 19 0
856 856 58 43 20 2
856 856 50 41 17 15
856 856 63 40 18 8
856 856 52 35 30 1
856 856 58 38 16 9
856 856 62 33 17 3
856 856 25 8 63 36
856 856 22 10 55 47
856 856 19 15 54 47
856 856 21 12 61 47
858 858 52 39 30 6
858 858 59 39 25 11
858 858 60 44 29 4
858 858 50 46 16 8
858 858 59 38 31 15
858 858 52 46 17 13
858 858 48 33 31 6
858 858 49 39 27 11
858 858 58 44 30 12
858 858 63 42 30 10
858 858 61 32 22 2
858 858 49 41 25 6
858 858 54 33 28 8
858 858 51 38 22 10
858 858 59 40 29 11
858 858 60 47 26 0
858 859 56 37 17 6
859 860 54 35 22 6
860 860 51 37 25 12
860 860 56 32 29 1
860 860 50 47 20 2
860 860 59 33 23 10
860 860 58 39 18 7
860 860 49 47 27 8
860 860 60 46 19 7
860 860 62 46 28 6
860 860 51 40 26 9
860 860 50 43 24 12
860 860 51 35 27 7
860 861 58 47 17 2
861 861 52 38 17 15
861 861 58 47 22 5
861 861 62 36 26 6
861 861 61 40 17 11
861 861 48 38 30 6
861 861 55 39 25 1
861 861 29 4 56 47
861 862 22 8 49 37
862 862 23 4 63 36
862 862 17 14 55 33
862 862 48 43 18 9
862 862 53 47 22 7
862 862 59 46 17 4
862 864 62 38 19 2
864 864 59 32 16 11
864 864 50 39 16 1
864 864 63 39 30 12
864 864 59 47 18 4
864 864 52 45 25 6
864 864 48 33 24 15
864 864 55 47 18 10
864 864 63 34 18 2
864 865 55 45 31 7
865 865 48 32 17 10
865 865 60 37 24 10
865 865 54 47 22 12
865 865 53 43 25 8
865 865 50 39 23 13
865 865 58 43 16 1
865 865 60 34 19 14
865 866 51 45 24 7
866 866 48 39 22 10
866 866 58 46 18 0
866 866 48 36 25 0
866 866 55 33 21 14
866 866 60 34 28 12
866 866 51 47 27 14
866 866 62 37 30 11
866 866 56 36 31 8
866 866 59 33 17 11
866 866 57 40 30 5
866 866 56 45 25 10
866 866 57 36 23 2
866 866 61 40 28 8
866 866 49 37 24 8
866 866 52 33 20 1
866 866 23 5 56 37
866 866 25 7 58 33
866 866 28 10 57 37
866 868 16 10 57 43
868 868 49 46 20 5
868 868 51 46 16 12
868 868 48 39 17 5
868 868 61 34 18 10
868 868 53 39 22 14
868 868 56 43 23 6
868 868 56 34 31 12
868 868 57 45 17 2
868 868 56 32 29 2
868 869 60 37 29 11
869 869 49 47 28 11
869 869 56 44 27 2
869 869 54 39 30 12
869 869 58 46 27 10
869 869 51 33 16 3
869 869 53 44 27 7
869 869 56 32 16 15
869 869 61 45 27 14
869 869 55 45 29 10
869 869 55 41 27 2
869 869 48 40 28 9
869 869 51 47 21 13
869 870 55 35 23 1
870 870 49 34 30 7
870 870 61 34 25 4
870 870 57 44 19 4
870 870 48 32 28 8
870 870 54 38 23 5
870 872 61 40 27 11
872 872 60 41 21 10
872 873 52 37 26 3
873 873 62 41 26 4
873 873 58 44 22 3
873 873 58 37 22 15
873 873 48 32 21 9
873 873 59 45 28 10
873 873 31 6 58 42
873 873 25 13 53 38
873 874 23 0 55 36
874 875 27 10 63 33
875 875 56 33 29 12
875 875 51 36 18 7
875 875 59 42 24 11
875 875 57 39 16 13
875 876 52 47 19 11
876 876 61 35 31 1
876 876 56 46 19 13
876 876 57 40 17 14
876 876 63 47 16 2
876 876 54 39 17 0
876 876 61 46 20 0
876 876 50 47 22 0
876 876 56 45 20 2
876 876 52 43 23 3
876 876 59 42 29 5
876 876 60 34 21 8
876 876 56 38 23 2
876 876 52 35 26 11
876 876 58 32 25 0
876 876 61 45 18 1
876 876 60 37 21 3
876 876 56 47 28 3
876 876 51 46 21 1
876 876 50 46 25 10
876 876 63 46 31 7
876 877 63 35 27 9
877 877 56 32 22 8
877 877 60 41 22 6
877 877 61 46 17 2
877 877 62 40 28 7
877 878 50 46 25 12
878 878 57 35 19 5
878 878 62 33 24 0
878 878 60 37 30 15
878 878 52 35 31 2
878 878 54 46 27 6
878 878 25 6 53 44
878 878 24 6 57 35
878 879 19 4 57 46
879 879 29 3 55 35
879 879 52 45 22 2
879 879 48 43 16 9
879 880 58 37 20 6
880 880 51 42 26 1
880 880 51 46 29 8
880 880 62 34 25 15
880 880 50 33 20 14
880 880 62 44 26 1
880 880 62 35 17 5
880 881 56 44 24 10
881 881 52 32 29 2
881 881 54 40 17 4
881 881 60 43 28 11
881 881 60 42 17 15
881 881 54 47 24 14
881 881 53 34 30 13
881 881 60 33 20 9
881 881 58 33 28 13
881 881 56 32 26 15
881 881 52 42 30 8
881 881 56 32 19 15
881 881 52 42 27 12
881 881 59 39 24 5
881 881 53 35 20 10
881 881 58 42 24 10
881 883 56 37 20 13
883 883 60 37 23 10
883 883 55 47 21 10
883 883 48 38 31 3
883 883 62 36 20 15
883 883 61 46 29 6
883 883 56 34 19 11
883 883 56 35 30 12
883 883 48 40 25 7
883 883 63 33 21 3
883 883 58 32 18 9
883 883 16 0 60 44
883 884 28 9 53 34
884 884 20 3 54 46
884 885 28 11 56 32
885 887 48 44 27 4
887 888 57 32 24 0
888 888 53 36 19 14
888 888 48 33 26 13
888 888 54 47 30 13
888 888 53 40 22 3
888 888 54 47 23 0
888 888 49 41 23 0
888 888 60 36 25 3
888 888 58 33 19 9
888 888 51 38 19 1
888 888 51 42 28 1
888 888 53 42 22 8
888 888 61 45 29 15
888 888 58 36 29 14
888 888 59 38 31 2
888 888 52 41 19 3
888 888 59 33 21 10
888 890 58 38 24 12
890 890 54 45 25 1
890 890 56 42 18 2
890 890 49 38 26 15
890 890 48 39 29 6
890 890 55 42 31 9
890 890 54 40 31 4
890 890 59 46 18 9
890 890 62 41 18 13
890 890 59 36 31 2
890 891 49 33 25 14
891 891 55 46 19 14
891 891 63 39 21 8
891 891 62 41 20 13
891 891 52 47 31 7
891 891 54 34 17 0
891 891 62 46 19 12
891 891 48 47 22 9
891 891 29 1 53 46
891 891 20 10 52 36
891 892 23 5 59 46
892 892 21 12 54 40
892 892 55 43 28 2
892 892 63 46 16 8
892 892 53 37 19 15
892 892 50 45 26 2
892 893 56 42 21 13
893 893 59 47 22 10
893 893 63 33 16 10
893 893 62 37 31 12
893 893 57 34 20 4
893 893 63 45 26 4
893 893 61 47 23 7
893 893 58 43 20 3
893 893 48 32 18 8
893 893 54 34 26 6
893 893 49 38 21 8
893 893 49 36 16 5
893 893 60 41 22 14
893 893 61 32 17 6
893 893 55 47 30 15
893 893 49 38 31 1
893 893 60 47 18 8
893 894 53 44 21 13
894 896 53 47 26 9
896 896 52 43 26 3
896 896 61 42 20 8
896 896 60 39 19 10
896 896 49 35 22 13
896 896 58 37 17 14
896 896 61 34 31 4
896 896 60 45 28 10
896 896 60 45 21 5
896 896 55 34 28 11
896 896 62 47 28 13
896 896 60 32 22 14
896 896 56 41 18 11
896 896 63 36 31 15
896 896 20 0 60 46
896 896 26 10 48 45
896 896 21 8 62 44
896 896 31 12 57 47
898 898 62 33 25 8
898 898 56 41 17 8
898 898 63 38 18 0
898 898 57 36 16 6
898 898 50 35 27 14
898 898 53 39 18 14
898 898 55 43 22 15
898 898 63 46 23 13
898 898 53 34 16 2
898 898 57 39 17 7
898 898 50 35 23 10
898 898 50 33 19 13
898 898 62 36 16 15
898 899 54 36 21 12
899 899 49 45 22 0
899 899 62 32 18 5
899 899 60 39 17 10
899 899 52 36 29 10
899 899 48 36 18 7
899 899 60 44 29 5
899 900 52 33 26 12
900 900 62 40 23 10
900 900 63 41 25 7
900 900 56 37 17 6
900 900 59 37 27 7
900 900 61 40 29 5
900 900 60 36 17 12
900 900 51 42 16 3
900 900 57 37 16 1
900 900 63 47 23 7
900 900 57 46 24 11
900 900 48 35 21 4
900 900 63 33 31 7
900 900 57 39 30 2
900 900 53 35 24 0
900 900 55 32 18 11
900 901 28 5 54 45
901 901 21 11 58 44
901 901 20 14 57 42
901 901 28 3 60 32
901 901 56 40 17 4
901 901 53 35 24 1
901 901 54 37 28 3
901 901 51 34 19 5
901 901 50 42 20 13
901 901 48 45 26 7
901 901 56 46 24 3
901 901 63 42 30 15
901 901 54 47 30 10
901 901 54 38 17 8
901 901 52 47 28 15
901 901 60 40 23 9
901 901 61 37 29 1
901 901 57 34 25 6
901 903 48 46 21 0
903 903 59 46 17 11
903 903 62 45 22 15
903 903 51 41 23 9
903 903 52 33 27 2
903 903 56 41 22 13
903 903 54 33 21 13
903 903 53 46 21 11
903 903 60 44 20 7
903 903 53 42 29 0
903 903 59 46 19 3
903 903 56 39 20 6
903 903 54 33 25 0
903 903 60 37 29 12
903 903 63 39 18 13
903 904 56 35 31 3
904 904 55 42 28 8
904 904 62 38 29 8
904 904 63 47 22 1
904 904 51 42 19 6
904 904 48 32 23 13
904 904 59 42 16 14
904 904 30 15 50 46
904 904 31 5 61 38
904 904 25 4 51 34
904 905 21 7 59 37
905 905 62 34 26 6
905 905 58 40 31 8
905 905 60 35 27 10
905 905 58 33 28 1
905 905 62 45 28 12
905 905 62 32 30 9
905 906 52 37 30 15
906 906 56 32 21 1
906 906 50 47 27 4
906 906 61 40 19 9
906 906 57 47 24 9
906 906 60 37 18 11
906 906 49 43 16 11
906 906 62 32 27 12
906 906 49 35 16 2
906 906 61 44 19 11
906 906 56 40 21 6
906 906 60 43 29 12
906 906 62 40 18 0
906 906 51 43 29 14
906 906 52 46 17 8
906 906 57 40 18 5
906 906 52 42 21 6
906 906 63 43 22 0
906 906 63 42 29 12
906 906 59 42 24 0
906 906 53 47 16 1
906 906 61 42 17 0
906 906 62 32 18 13
906 907 59 45 17 3
907 908 51 47 29 13
908 908 62 33 23 6
908 908 57 32 31 15
908 908 54 42 20 7
908 908 52 46 30 5
908 908 50 37 20 3
908 908 25 15 56 35
908 908 25 12 55 38
908 908 22 13 50 34
908 908 28 11 49 37
908 908 56 44 30 7
908 908 63 38 29 15
908 908 57 33 20 12
908 908 48 34 30 5
908 908 63 47 31 4
908 908 62 32 27 12
908 909 55 44 25 8
909 909 57 41 31 6
909 909 60 41 26 7
909 909 63 46 21 1
909 909 51 38 28 12
909 909 52 33 20 1
909 909 60 39 18 7
909 910 61 33 16 1
910 910 48 32 27 0
910 910 48 33 24 10
910 910 54 39 23 9
910 910 57 32 31 0
910 910 48 38 19 12
910 910 55 47 27 8
910 910 56 38 27 2
910 910 50 38 31 5
910 910 48 39 21 3
910 910 62 37 17 6
910 910 61 40 31 14
910 911 56 45 29 12
911 911 48 46 29 6
911 911 63 43 21 14
911 911 58 36 18 8
911 911 63 39 19 0
911 911 62 33 24 13
911 911 63 41 24 7
911 911 50 33 28 7
911 911 49 47 24 9
911 911 53 44 19 5
911 911 56 44 23 9
911 912 20 4 60 44
912 912 30 4 58 44
912 912 18 15 62 43
912 912 21 10 49 32
912 913 56 34 24 5
913 913 51 39 16 6
913 913 55 41 22 13
913 913 50 41 25 2
913 913 59 38 29 6
913 913 58 35 31 11
913 913 61 41 29 4
913 913 60 34 23 12
913 913 49 39 18 13
913 913 48 32 20 10
913 913 58 33 17 1
913 913 50 32 23 0
913 914 56 47 20 0
914 914 59 34 17 7
914 914 55 40 22 2
914 914 62 35 31 15
914 916 56 42 24 13
916 916 62 41 31 12
916 916 57 41 22 9
916 916 48 45 17 5
916 916 52 40 22 5
916 916 56 37 27 2
916 916 53 46 24 8
916 916 61 41 29 9
916 916 50 42 31 14
916 916 50 46 30 2
916 916 56 42 28 7
916 916 62 42 30 12
916 916 63 37 18 14
916 916 51 36 24 1
916 916 56 45 26 6
916 916 58 41 29 9
916 916 55 46 27 8
916 916 57 44 20 14
916 916 49 32 21 0
916 916 63 42 27 10
916 916 20 15 60 32
916 916 17 2 51 39
916 917 27 13 63 40
917 917 18 10 49 46
917 917 49 46 28 14
917 917 59 37 20 11
917 917 62 39 20 14
917 917 56 35 19 2
917 917 53 41 23 12
917 917 60 37 20 12
917 917 48 35 24 5
917 917 59 38 28 5
917 918 61 45 31 10
918 918 49 45 23 10
918 918 57 40 24 8
918 918 62 40 18 0
918 918 55 33 17 1
918 918 62 36 26 6
918 918 61 47 16 13
918 918 49 34 19 2
918 918 56 44 26 11
918 918 48 34 28 4
918 918 51 42 29 15
918 918 60 36 20 1
918 918 58 44 30 9
918 918 54 37 29 0
918 918 53 47 23 2
918 918 55 33 26 2
918 918 53 38 22 13
918 918 60 45 30 1
918 918 49 42 24 2
918 918 50 44 19 11
918 918 57 41 24 8
918 918 52 45 19 13
918 918 62 42 20 5
918 918 56 36 29 2
918 919 56 44 18 12
919 919 57 43 31 14
919 919 54 38 17 13
919 919 60 39 30 6
919 919 31 7 59 44
919 919 22 5 56 46
919 919 22 5 53 45
919 919 20 7 54 45
919 920 54 33 20 15
920 920 60 43 17 9
920 920 58 36 30 9
920 920 49 46 30 10
920 920 63 32 30 2
920 920 58 41 30 4
920 920 55 36 24 5
920 920 58 43 20 6
920 920 57 32 18 13
920 920 54 45 17 9
920 920 56 43 16 7
920 920 53 44 29 9
920 920 54 35 18 15
920 920 53 43 17 12
920 920 48 46 27 0
920 920 62 43 24 8
920 920 53 45 25 5
920 920 60 44 17 7
920 920 58 37 30 10
920 920 63 40 19 4
920 923 49 37 26 7
923 924 57 42 21 2
924 924 60 35 19 2
924 924 55 42 26 8
924 926 58 40 20 11
926 926 54 43 29 5
926 926 63 33 17 9
926 926 58 44 19 12
926 926 60 43 21 10
926 926 54 39 23 8
926 926 48 33 21 1
926 926 56 39 30 12
926 926 61 32 31 14
926 926 48 38 18 3
926 926 61 35 18 14
926 926 49 39 29 9
926 926 16 5 57 32
926 926 16 5 57 47
926 926 26 9 62 38
926 926 25 8 58 33
927 927 50 39 18 9
927 928 49 38 26 7
928 928 54 38 24 7
928 928 54 43 29 1
928 928 57 42 16 1
928 928 53 39 28 6
928 928 61 44 27 12
928 928 62 37 29 6
928 928 56 32 17 3
928 928 50 42 20 15
928 928 51 46 20 7
928 928 58 41 16 8
928 928 62 45 16 3
928 928 56 33 16 6
928 928 62 39 22 12
928 928 53 32 21 7
928 929 49 47 31 14
929 929 59 33 23 14
929 929 59 42 18 7
929 929 54 38 29 8
929 929 48 33 18 0
929 929 54 41 30 14
929 929 56 36 22 15
929 929 58 43 18 12
929 929 52 45 30 15
929 929 52 44 29 15
929 929 56 35 16 11
929 929 54 38 23 14
929 929 56 33 26 14
929 930 57 45 18 3
930 930 52 38 16 4
930 930 54 38 17 10
930 930 62 41 29 12
930 930 58 39 25 2
930 930 60 39 30 9
930 930 60 33 26 10
930 931 19 1 54 40
931 931 16 4 56 44
931 931 21 3 57 37
931 931 19 0 54 34
931 931 57 47 16 13
931 931 55 38 19 4
931 931 63 32 28 4
931 931 57 43 30 14
931 932 53 38 30 10
932 932 48 33 24 7
932 932 52 42 21 12
932 932 49 47 18 12
932 932 52 40 16 7
932 932 54 45 27 1
932 932 49 47 30 3
932 932 48 38 18 13
932 933 51 42 24 14
933 933 63 34 24 8
933 933 51 35 21 4
933 933 56 32 26 1
933 933 49 38 25 4
933 933 61 32 16 13
933 933 53 37 17 14
933 933 59 34 31 9
933 933 61 40 18 9
933 934 52 40 29 8
934 934 63 42 23 6
934 934 49 37 18 13
934 934 58 47 21 4
934 934 51 41 26 4
934 934 62 36 19 11
934 934 63 46 27 10
934 934 50 44 21 4
934 934 51 34 26 2
934 934 61 39 27 15
934 934 48 32 17 15
934 934 62 45 20 6
934 934 58 36 23 2
934 935 63 33 26 14
935 935 52 32 17 4
935 935 16 10 54 41
935 935 18 8 60 47
935 935 26 0 50 47
935 936 21 10 53 42
936 936 60 38 31 3
936 936 62 40 23 3
936 936 61 36 28 5
936 936 58 37 23 10
936 936 62 39 28 5
936 936 63 46 25 11
936 936 60 37 19 1
936 936 54 33 27 0
936 937 48 43 22 14
937 937 54 32 23 14
937 937 59 44 25 10
937 937 56 34 18 3
937 937 59 46 22 13
937 937 62 46 24 13
937 937 52 34 19 1
937 937 48 40 24 2
937 937 51 36 25 7
937 937 57 39 24 4
937 937 60 35 21 8
937 937 57 36 22 6
937 937 57 41 26 10
937 937 53 43 22 2
937 937 54 41 27 12
937 937 51 42 22 1
937 937 54 43 26 6
937 938 48 41 29 0
938 940 56 39 26 9
940 940 58 32 28 2
940 940 62 33 27 10
940 940 53 36 24 8
940 940 56 37 27 5
940 940 58 42 28 4
940 941 62 38 20 11
941 942 63 46 20 3
942 943 50 43 29 14
943 943 54 41 27 8
943 943 16 13 58 36
943 943 26 15 50 46
943 943 28 12 49 36
943 943 29 11 49 47
943 943 60 45 17 8
943 943 54 38 30 4
943 943 51 36 24 0
943 943 49 39 18 14
943 943 51 47 24 14
943 943 52 35 26 15
943 944 60 33 23 13
944 944 51 40 16 4
944 944 60 46 22 9
944 944 57 43 17 14
944 944 52 42 26 11
944 945 51 45 20 10
945 945 53 35 25 5
945 945 57 38 27 3
945 945 51 35 16 15
945 945 53 33 22 14
945 946 56 47 31 13
946 946 56 41 20 8
946 946 50 47 31 12
946 946 63 33 26 11
946 946 54 33 25 12
946 946 58 36 23 2
946 946 56 38 24 15
946 946 60 32 18 8
946 946 53 34 21 14
946 946 53 38 29 4
946 947 51 34 16 8
947 947 52 44 27 3
947 947 62 44 29 0
947 947 52 39 28 0
947 947 58 32 25 12
947 947 59 36 29 10
947 947 56 38 23 13
947 947 59 33 20 5
947 947 51 38 20 5
947 947 60 38 23 8
947 947 27 2 60 43
947 948 17 2 55 35
948 948 28 1 57 33
948 948 24 10 63 47
948 948 61 46 25 3
948 948 53 36 19 4
948 948 60 39 18 15
948 948 48 32 27 11
948 950 61 38 24 0
950 951 51 38 24 0
951 951 59 44 24 1
951 951 57 38 22 4
951 951 54 42 27 6
951 951 59 33 27 0
951 951 52 37 25 11
951 951 57 41 17 7
951 951 52 41 27 6
951 951 48 44 17 5
951 951 62 40 28 0
951 951 56 38 18 1
951 951 52 36 29 0
951 951 54 41 25 0
951 951 59 43 25 13
951 951 54 32 23 15
951 952 51 34 22 15
952 952 58 46 23 8
952 952 56 33 25 2
952 952 55 43 17 13
952 952 49 39 17 9
952 952 61 37 16 7
952 952 58 36 19 7
952 952 62 39 24 0
952 953 48 42 20 2
953 953 55 35 19 11
953 953 48 45 24 9
953 953 50 43 21 6
953 953 50 33 27 13
953 953 62 39 26 12
953 953 51 42 23 3
953 953 58 35 22 12
953 953 25 10 60 40
953 953 24 5 51 42
953 954 23 3 52 35
954 955 19 12 57 43
955 955 53 33 23 9
955 955 52 39 20 6
955 956 57 38 26 15
956 956 48 36 20 12
956 956 55 37 23 12
956 956 49 39 25 7
956 956 56 33 17 12
956 956 52 33 31 8
956 956 61 46 16 7
956 956 49 39 24 12
956 956 63 37 25 4
956 956 60 37 31 8
956 956 58 45 26 1
956 956 54 45 21 10
956 956 57 40 17 1
956 956 63 40 24 6
956 956 54 33 21 10
956 956 59 42 21 13
956 956 58 33 23 4
956 956 59 45 18 12
956 956 62 37 29 15
956 956 50 43 21 4
956 956 49 33 24 8
956 956 55 39 19 8
956 957 50 33 19 11
957 957 57 33 18 6
957 957 62 38 23 12
957 957 49 34 19 5
957 957 51 34 16 7
957 957 52 32 23 8
957 957 58 35 20 4
957 957 61 35 28 13
957 957 52 46 23 12
957 957 49 47 24 9
957 957 49 39 17 4
957 957 52 39 29 7
957 958 26 7 54 45
958 958 21 3 61 32
958 958 20 5 57 41
958 958 28 14 62 42
958 958 55 46 21 5
958 958 58 37 23 6
958 958 63 40 18 2
958 958 57 37 20 8
958 959 59 32 31 8
959 959 50 34 18 6
959 959 56 42 23 12
959 959 55 43 24 1
959 959 48 40 25 9
959 959 49 40 26 8
959 959 48 38 24 0
959 959 49 33 29 4
959 959 49 43 17 11
959 960 62 41 18 10
960 961 51 42 31 10
961 961 62 46 16 1
961 961 50 32 31 10
961 961 55 46 29 2
961 961 62 43 29 15
961 961 48 35 27 10
961 961 56 40 21 9
961 961 56 35 21 10
961 961 63 44 31 9
961 962 60 47 19 15
962 962 61 45 22 8
962 962 61 41 16 4
962 962 48 34 19 5
962 962 51 38 19 15
962 962 51 40 21 4
962 962 52 46 25 10
962 962 50 41 21 10
962 962 58 37 17 6
962 963 63 40 21 5
963 963 56 41 28 15
963 963 56 34 18 6
963 963 48 46 23 11
963 963 22 8 49 34
963 963 29 13 54 45
963 963 18 8 50 41
963 963 24 8 61 43
963 964 62 44 22 5
964 964 62 46 25 2
964 964 51 38 23 15
964 964 51 41 24 1
964 964 53 35 18 15
964 964 59 45 27 12
964 964 50 34 28 15
964 964 54 36 27 10
964 964 48 43 23 2
964 964 49 36 27 7
964 964 59 43 20 7
964 964 49 40 26 14
964 964 59 46 16 9
964 964 56 45 24 0
964 966 63 44 18 7
966 966 54 33 25 7
966 966 52 36 19 14
966 966 52 42 21 0
966 966 49 38 24 2
966 966 57 38 20 6
966 966 63 46 17 4
966 966 50 34 30 8
966 966 55 37 23 13
966 966 53 32 24 7
966 966 58 45 26 4
966 966 48 37 29 12
966 966 61 32 17 7
966 966 60 47 26 11
966 966 54 34 23 7
966 966 58 45 27 12
966 966 48 43 26 12
966 967 60 47 31 12
967 968 48 33 26 15
968 968 50 37 23 14
968 968 59 33 29 0
968 968 49 43 16 6
968 968 20 8 52 40
968 968 27 2 57 41
968 969 27 12 62 44
969 969 18 14 52 44
969 969 62 40 26 11
969 969 50 36 24 7
969 969 55 47 26 2
969 969 54 38 25 8
969 969 60 38 20 0
969 970 52 45 26 2
970 971 59 38 31 3
971 971 63 45 23 5
971 971 62 47 24 11
971 971 49 34 18 12
971 971 55 39 31 3
971 971 61 38 23 8
971 971 49 39 27 5
971 972 52 33 30 0
972 972 60 40 16 6
972 972 59 38 29 9
972 972 55 46 21 2
972 972 49 39 26 3
972 972 61 40 25 2
972 972 49 43 19 15
972 972 55 38 29 12
972 972 52 45 31 4
972 972 52 39 23 14
972 972 55 46 27 7
972 973 54 33 30 14
973 973 59 45 25 6
973 973 63 47 25 1
973 973 59 34 21 8
973 973 49 33 23 7
973 973 49 35 27 9
973 973 50 43 18 3
973 973 48 39 24 13
973 973 61 47 26 14
973 973 57 46 31 15
973 973 57 35 16 1
973 973 48 43 31 11
973 973 24 6 53 43
973 973 30 3 49 35
973 973 19 7 55 37
973 973 25 5 53 44
974 974 49 43 22 4
974 975 56 39 29 7
975 975 63 33 20 3
975 975 51 36 19 8
975 975 59 38 17 2
975 975 51 35 22 6
975 975 49 32 27 8
975 975 56 38 31 11
975 975 61 35 19 5
975 976 58 36 24 7
976 976 48 35 28 13
976 976 61 41 28 0
976 976 53 42 28 9
976 976 56 37 30 0
976 976 51 37 20 4
976 976 56 47 27 5
976 976 56 34 17 13
976 976 49 44 17 15
976 976 56 40 26 3
976 976 49 33 19 2
976 976 61 35 18 10
976 976 55 40 29 1
976 976 57 43 25 6
976 976 51 42 30 7
976 976 57 37 21 12
976 976 61 40 18 9
976 976 54 44 21 6
976 976 57 41 25 15
976 976 63 35 24 1
976 976 49 36 28 15
976 977 55 47 27 13
977 977 56 38 21 7
977 977 62 46 17 10
977 977 50 40 27 0
977 977 48 34 18 1
977 977 61 34 20 1
977 977 25 1 48 38
977 977 25 3 50 35
977 978 23 11 57 38
978 978 22 13 63 40
978 978 53 39 25 15
978 978 51 35 19 14
978 978 60 38 26 15
978 978 61 46 28 5
978 978 49 40 20 13
978 978 58 35 22 4
978 978 61 36 20 7
978 978 60 45 22 12
978 978 52 45 22 12
978 978 55 38 27 13
978 978 48 43 26 7
978 978 56 45 17 8
978 979 53 33 31 14
979 980 60 32 23 8
980 981 48 34 22 12
981 981 57 36 31 14
981 981 60 39 21 13
981 981 55 44 23 6
981 981 55 33 21 14
981 981 48 43 17 3
981 981 63 36 23 14
981 981 48 47 21 12
981 981 59 43 17 15
981 981 53 43 18 0
981 981 50 33 27 7
981 981 58 45 31 13
981 981 54 43 31 3
981 981 50 33 25 0
981 982 51 47 23 0
982 982 63 46 26 0
982 982 62 39 30 6
982 982 61 41 25 7
982 982 59 43 30 11
982 982 62 33 19 9
982 982 51 35 16 14
982 982 48 43 24 14
982 982 29 6 52 43
982 982 26 10 56 32
982 983 31 3 61 40
983 983 30 15 54 38
983 983 53 37 21 11
983 983 63 46 29 9
983 983 58 47 26 3
983 983 56 35 25 13
983 983 54 43 27 3
983 983 56 39 17 14
983 983 52 42 19 3
983 983 53 47 30 13
983 984 59 38 24 3
984 984 48 40 24 9
984 984 53 47 31 12
984 984 55 34 31 5
984 984 48 34 24 2
984 985 50 43 21 0
985 985 63 47 31 0
985 985 49 34 22 15
985 985 52 37 30 3
985 985 57 32 28 9
985 985 58 35 29 1
985 985 48 36 25 1
985 986 49 34 22 13
986 986 55 41 29 9
986 986 55 47 29 12
986 986 57 41 23 10
986 986 51 32 31 15
986 986 50 47 26 0
986 986 48 36 22 6
986 986 55 41 18 7
986 986 53 35 25 3
986 986 52 45 29 8
986 986 59 47 27 2
986 986 50 40 19 12
986 986 55 44 25 4
986 986 49 38 17 5
986 986 55 32 31 1
986 986 48 46 19 1
986 987 31 13 56 43
987 988 27 5 52 37
988 988 16 12 59 47
988 988 21 6 50 33
988 989 59 33 24 15
989 989 53 44 26 6
989 989 59 39 17 13
989 989 50 47 30 6
989 989 52 36 27 0
989 989 52 47 21 13
989 989 62 43 25 7
989 989 59 39 16 15
989 989 62 36 16 15
989 989 53 44 31 3
989 989 50 33 19 8
989 989 51 35 21 7
989 989 51 40 22 7
989 989 50 47 19 7
989 989 56 42 27 5
989 989 50 42 30 8
989 989 62 36 19 6
989 989 49 38 22 11
989 989 51 46 24 11
989 989 48 42 27 0
989 989 51 41 16 1
989 989 62 33 31 7
989 989 49 39 22 15
989 989 63 36 25 2
989 990 62 37 17 4
990 990 48 35 16 12
990 990 52 39 30 9
990 990 60 45 16 5
990 990 62 47 29 10
990 990 56 40 27 1
990 991 59 33 24 7
991 991 55 44 24 1
991 991 63 46 25 12
991 991 58 46 29 9
991 991 58 37 16 8
991 991 49 38 30 3
991 991 25 12 49 39
991 991 31 8 53 34
991 991 27 2 60 45
991 991 17 1 62 44
991 992 56 38 31 7
992 992 58 45 23 2
992 992 55 45 20 12
992 992 56 42 26 11
992 992 57 46 20 11
992 992 52 33 20 0
992 992 49 35 16 8
992 992 61 33 26 15
992 992 60 36 23 5
992 992 48 47 20 11
992 992 53 41 28 6
992 992 48 43 23 10
992 992 49 33 23 3
992 992 59 40 26 5
992 992 51 38 22 11
992 992 57 42 22 12
992 992 50 33 18 2
992 992 62 41 28 9
992 992 58 41 18 11
992 992 60 34 19 9
992 992 52 45 23 5
992 992 59 34 28 10
992 992 61 33 20 15
992 992 56 33 22 7
992 992 56 36 31 8
992 992 55 41 16 14
992 992 57 41 24 6
992 992 49 46 26 9
992 992 60 46 28 6
992 993 50 33 21 7
993 993 57 40 24 2
993 993 60 43 17 12
993 993 49 40 21 6
993 993 48 36 28 6
993 993 52 32 30 14
993 993 58 44 22 4
993 993 18 6 50 33
993 993 30 2 55 43
993 993 17 12 55 33
993 993 17 6 56 46
994 994 57 46 16 11
994 994 56 47 24 14
994 994 60 45 23 8
994 994 59 35 18 11
994 994 61 41 22 9
994 994 55 41 17 8
994 994 53 36 31 9
994 994 53 42 25 3
994 995 48 41 24 11
995 995 60 40 30 10
995 995 62 34 22 12
995 995 52 39 19 12
995 995 60 47 28 6
995 995 61 38 18 1
995 995 57 44 22 5
995 995 56 38 22 2
995 996 59 32 28 6
996 996 54 39 19 11
996 996 57 42 26 8
996 996 52 47 22 10
996 996 48 46 24 7
996 996 62 43 24 12
996 996 56 40 21 12
996 996 63 46 30 12
996 996 54 32 31 7
996 996 60 44 17 2
996 996 61 38 25 0
996 996 63 39 27 10
996 996 51 32 27 2
996 997 53 43 19 13
997 997 56 38 28 6
997 997 52 36 30 13
997 997 52 32 20 1
997 997 58 33 31 11
997 997 53 36 23 5
997 997 54 34 19 1
997 997 16 7 49 42
997 997 20 11 60 40
997 997 29 7 55 46
997 997 20 0 55 38
998 998 55 45 28 0
998 998 50 36 18 5
998 998 61 33 21 5
998 998 50 42 30 5
998 999 57 44 20 5
999 999 55 40 17 4
999 999 57 34 29 10
999 999 51 37 23 5
999 1001 61 43 28 0
1001 1001 50 33 31 0
1001 1001 60 45 17 4
1001 1001 48 47 17 15
1001 1001 50 34 26 4
1001 1001 60 43 16 10
1001 1001 61 33 20 5
1001 1001 50 45 23 0
1001 1001 62 38 23 0
1001 1001 52 34 27 8
1001 1001 52 37 18 9
1001 1001 53 43 21 11
1001 1001 52 41 29 11
1001 1001 56 47 30 10
1001 1001 55 40 22 0
1001 1001 60 32 21 1
1001 1001 53 36 29 11
1001 1001 59 37 22 9
1001 1001 59 44 26 2
1001 1001 57 35 26 11
1001 1001 52 35 31 0
1001 1001 61 43 30 3
1001 1001 60 40 16 2
1001 1001 50 43 27 5
1001 1001 53 35 30 1
1001 1001 57 43 16 3
1001 1001 60 33 25 6
1001 1001 63 37 24 4
1001 1002 31 10 57 37
1002 1003 24 13 56 45
1003 1003 30 5 56 41
1003 1003 21 15 49 45
1003 1003 52 33 21 4
1003 1003 49 46 22 5
1003 1003 57 47 26 9
1003 1004 51 34 24 9
1004 1004 50 38 23 11
1004 1004 57 34 29 7
1004 1004 48 42 24 6
1004 1004 59 32 22 9
1004 1004 52 46 16 14
1004 1004 60 47 19 6
1004 1004 53 36 22 10
1004 1004 60 45 28 10
1004 1005 50 34 25 6
1005 1005 60 37 17 15
1005 1005 53 46 30 6
1005 1005 55 46 17 12
1005 1006 53 32 20 0
1006 1006 50 32 25 15
1006 1006 60 40 16 6
1006 1006 52 45 18 14
1006 1006 63 35 30 11
1006 1006 56 41 20 6
1006 1006 51 34 17 7
1006 1006 48 39 24 15
1006 1006 56 44 21 3
1006 1006 62 40 19 3
1006 1006 51 41 25 0
1006 1006 61 46 25 1
1006 1007 60 34 24 9
1007 1007 52 40 28 0
1007 1007 58 35 21 15
1007 1007 54 46 30 10
1007 1007 60 42 30 8
1007 1008 53 43 22 7
1008 1008 62 38 27 0
1008 1008 51 45 18 6
1008 1008 19 10 63 47
1008 1008 16 8 49 42
1008 1010 18 7 54 32
1010 1010 17 3 48 37
1010 1010 49 43 17 6
1010 1010 61 39 30 9
1010 1010 55 44 19 11
1010 1010 61 36 26 3
1010 1010 57 37 17 9
1010 1010 54 33 17 14
1010 1010 52 34 30 8
1010 1010 52 47 27 6
1010 1011 50 38 25 15
1011 1011 56 33 25 13
1011 1011 49 47 19 6
1011 1011 48 37 20 10
1011 1012 63 44 27 13
1012 1012 52 46 30 0
1012 1012 55 35 17 2
1012 1012 49 38 24 8
1012 1012 60 35 29 6
1012 1012 60 33 28 4
1012 1012 57 38 16 5
1012 1012 63 44 29 2
1012 1012 54 43 28 7
1012 1012 54 46 25 13
1012 1012 59 46 17 15
1012 1012 61 38 18 14
1012 1012 49 36 29 7
1012 1013 55 41 25 10
1013 1014 50 37 28 0
1014 1014 51 37 21 15
1014 1014 58 46 16 15
1014 1014 57 40 29 13
1014 1014 55 33 21 0
1014 1014 50 35 28 4
1014 1015 49 39 23 6
1015 1016 58 35 28 11
1016 1017 59 39 26 3
1017 1017 57 38 18 10
1017 1017 28 7 56 39
1017 1017 16 0 51 43
1017 1017 23 10 51 33
1017 1017 18 4 52 47
1017 1017 59 32 20 7
1017 1017 59 43 31 5
1017 1018 62 34 25 3
1018 1019 53 40 30 6
1019 1019 53 32 23 2
1019 1019 50 39 21 14
1019 1019 59 41 30 9
1019 1019 54 36 23 12
1019 1019 49 34 19 0
1019 1019 59 38 22 7
1019 1019 61 41 28 9
1019 1019 56 39 29 8
1019 1019 63 45 26 12
1019 1019 55 33 18 10
1019 1020 49 43 16 1
1020 1020 54 37 24 15
1020 1020 63 32 23 15
1020 1020 51 40 18 6
1020 1020 62 45 22 12
1020 1020 50 33 31 6
1020 1020 51 46 18 12
1020 1020 49 43 27 8
1020 1020 52 33 24 2
1020 1020 57 34 29 1
1020 1020 59 39 27 13
1020 1020 56 41 25 1
1020 1020 54 46 27 12
1020 1020 49 32 21 5
1020 1020 59 38 17 12
1020 1020 61 46 20 5
1020 1020 48 47 22 3
1020 1020 62 43 19 1
1020 1020 55 43 22 0
1020 1020 54 39 27 10
1020 1020 60 37 16 10
1020 1020 60 38 25 15
1020 1022 16 11 62 34
1022 1023 20 1 49 41
1023 1023 20 1 60 46
1023 1023 22 8 56 47
